  1.8310547e-004
  1.1596680e-003
 -3.9672852e-004
 -1.0986328e-003
 -6.1035156e-005
  4.2724609e-004
  1.4648438e-003
  2.7770996e-003
  3.3264160e-003
  6.6833496e-003
  6.1950684e-003
  4.9438477e-003
  7.2021484e-003
  6.3476563e-003
  3.6315918e-003
  3.7841797e-003
  1.1901855e-003
  2.1667480e-003
  5.0659180e-003
  2.4108887e-003
  1.1291504e-003
  1.8615723e-003
  2.7160645e-003
  1.5258789e-003
  1.1291504e-003
 -4.8828125e-004
 -4.8828125e-004
  3.0517578e-003
  4.2114258e-003
  3.6621094e-003
  4.5471191e-003
  6.0729980e-003
  7.6599121e-003
  9.4909668e-003
  6.4697266e-003
  6.5307617e-003
  5.8898926e-003
  5.7678223e-003
  6.0119629e-003
  6.0729980e-003
  5.0659180e-003
  5.7983398e-004
  3.2043457e-003
  1.0375977e-003
 -7.0190430e-004
  2.7465820e-004
 -1.8310547e-004
 -9.1552734e-005
 -1.0375977e-003
 -3.6621094e-004
 -1.4648438e-003
 -1.6784668e-003
  2.2277832e-003
 -7.9345703e-004
  4.8828125e-004
  1.6479492e-003
  1.4343262e-003
  1.2817383e-003
 -4.1198730e-003
  1.3122559e-003
  1.6479492e-003
 -2.6245117e-003
 -7.0190430e-004
  5.1879883e-004
 -1.0681152e-003
 -4.5471191e-003
 -5.7983398e-004
  0.0000000e+000
 -8.8500977e-004
 -1.5258789e-004
 -8.7585449e-003
 -5.4016113e-003
 -6.1035156e-005
 -8.5449219e-004
 -1.5258789e-004
 -2.9296875e-003
  2.3529053e-002
  8.3618164e-003
 -2.0202637e-002
 -1.2207031e-002
 -1.0711670e-002
 -9.1552734e-005
  7.3242188e-004
  2.9602051e-003
 -1.0925293e-002
  3.6804199e-002
  4.0222168e-002
 -3.0548096e-002
 -1.8218994e-002
 -1.3061523e-002
 -7.0800781e-003
  5.9814453e-003
  8.4533691e-003
 -1.6601563e-002
 -1.4678955e-002
  3.6010742e-003
 -5.6762695e-003
  3.8452148e-003
  9.0942383e-003
  1.5258789e-004
 -1.6784668e-002
  1.2512207e-003
  9.0637207e-003
 -8.8500977e-004
  1.0528564e-002
 -3.1127930e-003
 -1.1108398e-002
 -1.2664795e-002
 -5.2490234e-003
 -7.4462891e-003
 -6.6223145e-003
  1.0894775e-002
 -5.8593750e-003
 -4.2114258e-003
 -8.8195801e-003
 -4.3029785e-003
  7.4157715e-003
  8.2397461e-003
  8.3923340e-003
  1.0681152e-003
  4.9743652e-003
  1.4862061e-002
  1.6387939e-002
 -1.9927979e-002
 -1.5167236e-002
  3.6010742e-003
 -8.0261230e-003
 -3.4790039e-003
  6.6528320e-003
 -7.1716309e-003
  2.0019531e-002
  4.7943115e-002
 -1.1016846e-002
 -3.5858154e-002
 -5.2490234e-003
 -2.7160645e-003
  1.4343262e-003
  6.0729980e-003
 -1.7944336e-002
 -1.7974854e-002
 -1.2939453e-002
 -2.3193359e-003
 -3.2958984e-003
  6.0729980e-003
  1.1962891e-002
 -9.5825195e-003
 -3.1127930e-003
  4.5776367e-004
  1.0955811e-002
  6.0729980e-003
 -4.3945313e-003
 -6.8664551e-003
  1.6174316e-003
  9.0942383e-003
 -1.1413574e-002
 -1.3702393e-002
 -1.1627197e-002
 -5.9814453e-003
 -2.0751953e-003
 -8.3312988e-003
 -1.8737793e-002
  2.3712158e-002
  3.9428711e-002
  7.0800781e-003
  1.9531250e-003
 -2.8991699e-003
 -7.1411133e-003
  7.6293945e-004
  6.3781738e-003
 -2.6306152e-002
 -1.4984131e-002
  2.6245117e-003
 -4.9438477e-003
  7.7819824e-003
  1.8280029e-002
  8.2397461e-003
 -6.6223145e-003
  1.0192871e-002
  9.4604492e-004
  5.1574707e-003
  1.8920898e-002
  8.4838867e-003
 -6.1950684e-003
 -5.7678223e-003
 -3.2958984e-003
 -6.9885254e-003
  1.0711670e-002
 -3.2958984e-003
 -9.7045898e-003
 -6.1035156e-005
 -2.8686523e-003
  4.5166016e-003
  1.6479492e-003
 -4.2419434e-003
 -1.2817383e-003
  1.7822266e-002
  1.9653320e-002
 -1.2512207e-003
  3.4179688e-003
 -1.0162354e-002
 -1.4373779e-002
 -3.8757324e-003
 -9.2773438e-003
 -1.7120361e-002
 -7.0190430e-003
  1.9836426e-003
 -9.0637207e-003
  1.2268066e-002
  3.9978027e-003
 -1.3488770e-002
 -1.3946533e-002
 -3.8452148e-003
  4.1503906e-003
  5.2795410e-003
  5.2185059e-003
 -1.7822266e-002
 -4.6081543e-003
  6.0119629e-003
 -2.8076172e-003
 -1.5075684e-002
 -6.9885254e-003
 -3.5400391e-003
 -5.1879883e-003
  5.2490234e-003
  9.1552734e-004
  4.6691895e-003
 -4.7912598e-003
 -6.9580078e-003
 -1.3427734e-002
 -6.2561035e-003
  7.7514648e-003
  7.6904297e-003
  2.9602051e-003
 -1.5808105e-002
 -1.9866943e-002
 -2.6580811e-002
 -1.7639160e-002
 -5.1879883e-004
 -3.7231445e-003
 -1.5258789e-003
 -2.7465820e-004
 -1.2573242e-002
 -9.8266602e-003
  9.6435547e-003
  8.2397461e-003
 -3.9367676e-003
  0.0000000e+000
  1.3732910e-003
 -5.9509277e-003
 -4.0588379e-003
 -8.3312988e-003
 -1.3366699e-002
  5.0964355e-003
  1.1505127e-002
 -6.4086914e-004
 -8.4533691e-003
 -7.6599121e-003
 -3.7536621e-003
  1.7395020e-003
  9.4909668e-003
  4.5776367e-004
 -1.0162354e-002
  4.8828125e-004
  1.1291504e-003
  6.7138672e-004
  6.2561035e-003
  7.0190430e-003
  2.1057129e-003
 -7.0495605e-003
 -1.6143799e-002
 -1.7242432e-002
  7.3852539e-003
  1.4801025e-002
  1.4831543e-002
  1.3458252e-002
 -1.0070801e-003
 -2.0141602e-003
  3.4179688e-003
  1.2817383e-003
 -8.2397461e-003
 -5.0964355e-003
 -5.2185059e-003
 -1.3793945e-002
 -7.8735352e-003
 -3.6926270e-003
 -3.3569336e-004
  4.4555664e-003
 -3.0212402e-003
 -5.2490234e-003
 -6.6528320e-003
 -4.4555664e-003
 -4.0893555e-003
 -2.1362305e-003
  4.3334961e-003
 -2.7770996e-003
 -3.7536621e-003
 -7.5073242e-003
 -4.7302246e-003
 -5.2795410e-003
 -1.2512207e-003
  3.7231445e-003
 -4.1503906e-003
  1.1444092e-002
  9.7656250e-004
 -4.6081543e-003
 -2.9907227e-003
 -1.9531250e-003
  9.1552734e-004
  1.5869141e-003
  1.3427734e-002
 -1.2817383e-003
  5.5541992e-003
  2.1057129e-003
 -5.3405762e-003
 -1.0986328e-003
 -5.9814453e-003
 -2.4414063e-003
 -4.1503906e-003
  9.6740723e-003
  5.8593750e-003
  1.0070801e-002
  7.2021484e-003
  3.5095215e-003
  9.5825195e-003
  6.8054199e-003
  1.0314941e-002
 -4.2724609e-004
  5.5541992e-003
  2.1057129e-003
  3.1127930e-003
  5.0659180e-003
  3.6010742e-003
  7.6904297e-003
  9.7656250e-004
  7.7209473e-003
 -6.2561035e-003
 -3.9978027e-003
  3.5705566e-003
 -2.1362305e-004
  4.9743652e-003
  1.7700195e-003
  9.2468262e-003
 -3.7231445e-003
 -2.0141602e-003
 -2.0446777e-003
 -1.5625000e-002
  9.1552734e-005
 -1.8310547e-004
  2.0446777e-003
  2.8686523e-003
  8.5754395e-003
  4.3029785e-003
 -4.7302246e-003
  9.7656250e-003
  7.3242188e-004
  7.5073242e-003
  5.7067871e-003
  2.5024414e-003
  2.0141602e-003
 -1.0681152e-003
  5.4931641e-003
 -2.4719238e-003
  4.7912598e-003
 -4.5471191e-003
 -9.1247559e-003
 -1.1260986e-002
 -1.3031006e-002
 -1.7089844e-003
 -2.1972656e-003
  7.5073242e-003
 -3.0212402e-003
 -3.9062500e-003
 -8.0871582e-003
 -1.7852783e-002
 -1.0192871e-002
 -1.1962891e-002
 -4.5166016e-003
 -3.9367676e-003
  3.4179688e-003
 -9.1552734e-004
 -6.5917969e-003
  1.3122559e-003
 -3.6010742e-003
  2.1972656e-003
 -3.3569336e-004
  1.4953613e-003
  7.0190430e-003
  9.3078613e-003
  1.5319824e-002
  5.0354004e-003
  8.2092285e-003
 -1.2207031e-004
  4.3334961e-003
  4.6997070e-003
  9.1552734e-004
  1.2359619e-002
  1.1230469e-002
  1.5167236e-002
  7.3242188e-003
  1.1596680e-002
  6.2561035e-003
  6.4086914e-004
  1.2634277e-002
  3.8146973e-003
  1.2023926e-002
  8.1176758e-003
  3.2653809e-003
 -2.5634766e-003
 -5.1879883e-004
  5.0964355e-003
 -3.3264160e-003
  1.9836426e-003
 -4.6691895e-003
 -7.3242188e-003
 -4.6081543e-003
 -7.4462891e-003
 -1.1047363e-002
 -1.2237549e-002
 -1.2481689e-002
 -2.3742676e-002
 -2.8045654e-002
 -3.6315918e-002
 -3.8146973e-002
 -3.7109375e-002
 -3.9794922e-002
 -3.8024902e-002
 -3.7719727e-002
 -3.1555176e-002
 -3.9123535e-002
 -4.0924072e-002
 -4.4952393e-002
 -4.5684814e-002
 -3.9794922e-002
 -3.4942627e-002
 -2.6214600e-002
 -3.1463623e-002
 -2.1942139e-002
 -9.5825195e-003
  6.1035156e-004
  2.2583008e-002
  3.3508301e-002
  4.1870117e-002
  4.2633057e-002
  4.9926758e-002
  5.1727295e-002
  5.2825928e-002
  6.9519043e-002
  7.5744629e-002
  8.2641602e-002
  8.3282471e-002
  7.8277588e-002
  6.3446045e-002
  4.7424316e-002
  5.4534912e-002
  5.7708740e-002
  7.6263428e-002
  9.3170166e-002
  9.5916748e-002
  8.2122803e-002
  5.7617188e-002
  4.1809082e-002
  1.8554688e-002
  2.0050049e-002
  2.1636963e-002
  1.8829346e-002
  1.3946533e-002
 -1.5869141e-003
 -1.7913818e-002
 -3.3752441e-002
 -2.8900146e-002
 -3.5858154e-002
 -3.4271240e-002
 -3.4118652e-002
 -4.7332764e-002
 -6.2652588e-002
 -8.8989258e-002
 -1.0845947e-001
 -1.3528442e-001
 -1.4273071e-001
 -1.6021729e-001
 -1.7459106e-001
 -1.6421509e-001
 -1.6668701e-001
 -1.9491577e-001
 -1.6802979e-001
 -7.9528809e-002
 -3.7628174e-002
  4.0649414e-002
  8.3679199e-002
  3.7933350e-002
 -3.9855957e-002
 -9.9121094e-002
 -1.8811035e-001
 -2.1734619e-001
 -3.1372070e-002
  1.2091064e-001
  2.6150513e-001
  3.7045288e-001
  3.3026123e-001
  2.1270752e-001
  1.1441040e-001
  9.8571777e-002
  6.4331055e-002
  8.6334229e-002
  9.1400146e-002
 -7.0190430e-004
 -9.0789795e-002
 -1.6131592e-001
 -1.7019653e-001
 -1.3180542e-001
 -6.8054199e-003
  1.1141968e-001
  1.6665649e-001
  1.8902588e-001
  1.4340210e-001
  6.9763184e-002
 -1.2207031e-004
 -1.3885498e-002
 -2.0416260e-002
 -2.7282715e-002
 -1.9012451e-002
 -4.8370361e-002
 -7.0953369e-002
 -7.8186035e-002
 -6.1950684e-002
 -1.3244629e-002
  3.3935547e-002
  9.0759277e-002
  1.0394287e-001
  1.1196899e-001
  9.4818115e-002
  8.6273193e-002
  1.0025024e-001
  8.0963135e-002
  6.5551758e-002
  1.8524170e-002
 -2.6184082e-002
 -7.7972412e-002
 -9.5977783e-002
 -7.9010010e-002
 -6.3720703e-002
 -2.7832031e-002
 -2.0690918e-002
 -1.7791748e-002
 -1.4831543e-002
 -4.3640137e-003
 -5.4931641e-003
 -2.2033691e-002
 -4.0405273e-002
 -1.0562134e-001
 -1.7446899e-001
 -2.6019287e-001
 -3.2546997e-001
 -3.4033203e-001
 -2.4490356e-001
 -7.5103760e-002
  2.8076172e-003
  1.0235596e-001
  8.1481934e-002
 -9.3078613e-003
 -9.8144531e-002
 -1.5811157e-001
 -1.8093872e-001
 -1.4764404e-001
  8.4075928e-002
  1.6970825e-001
  2.6257324e-001
  3.0822754e-001
  2.1414185e-001
  1.3748169e-001
  8.7432861e-002
  1.2295532e-001
  8.3099365e-002
  1.0260010e-001
  5.9936523e-002
 -6.2896729e-002
 -1.1911011e-001
 -1.4593506e-001
 -1.0604858e-001
 -4.0130615e-002
  9.3933105e-002
  1.6888428e-001
  1.7379761e-001
  1.6741943e-001
  9.5825195e-002
  2.7862549e-002
 -2.2308350e-002
 -2.2247314e-002
 -5.1574707e-002
 -5.9936523e-002
 -6.0638428e-002
 -1.0140991e-001
 -1.2332153e-001
 -1.2243652e-001
 -7.5317383e-002
 -3.4515381e-002
  4.8004150e-002
  1.0827637e-001
  1.2356567e-001
  1.3211060e-001
  1.1068726e-001
  7.0983887e-002
  2.8259277e-002
  2.1881104e-002
 -9.4604492e-003
 -1.8737793e-002
  2.4414063e-004
  2.2583008e-003
  1.6265869e-002
  4.0191650e-002
  4.5471191e-002
  1.8798828e-002
  2.3681641e-002
  1.0986328e-002
  1.3732910e-003
  3.1005859e-002
  4.1503906e-002
  2.4536133e-002
 -1.0314941e-002
 -5.2886963e-002
 -1.4047241e-001
 -2.0208740e-001
 -2.3663330e-001
 -2.9379272e-001
 -2.8903198e-001
 -2.3425293e-001
 -5.9478760e-002
  2.4383545e-002
  1.2670898e-001
  1.4282227e-001
  1.7486572e-002
 -6.8328857e-002
 -2.1484375e-001
 -2.6394653e-001
 -3.1594849e-001
 -7.1899414e-002
  1.0061646e-001
  2.2058105e-001
  3.8418579e-001
  2.6000977e-001
  1.8618774e-001
  6.3110352e-002
  8.0841064e-002
  5.2246094e-002
  9.6710205e-002
  1.2615967e-001
 -2.1331787e-002
 -4.8553467e-002
 -1.4346313e-001
 -1.3146973e-001
 -5.5206299e-002
  9.9121094e-002
  2.2433472e-001
  2.4841309e-001
  2.6480103e-001
  1.0147095e-001
 -1.6387939e-002
 -1.2353516e-001
 -1.6018677e-001
 -1.3717651e-001
 -9.3841553e-002
 -4.0588379e-002
 -8.5632324e-002
 -8.0169678e-002
 -1.3247681e-001
 -1.2728882e-001
 -6.5185547e-002
  2.0538330e-002
  9.1369629e-002
  1.3104248e-001
  1.4035034e-001
  6.0180664e-002
  2.2521973e-002
 -5.0659180e-003
 -1.2512207e-002
  3.3264160e-003
  4.2266846e-002
  4.8583984e-002
  2.9479980e-002
  3.9093018e-002
  8.6975098e-003
  1.6937256e-002
  4.3548584e-002
  8.2153320e-002
  9.2224121e-002
  9.7198486e-002
  7.0861816e-002
  3.0822754e-003
 -1.0101318e-002
 -4.3609619e-002
 -5.3710938e-002
 -8.2305908e-002
 -1.2731934e-001
 -1.9921875e-001
 -2.6046753e-001
 -2.9421997e-001
 -3.1951904e-001
 -2.6626587e-001
 -1.5182495e-001
  2.6550293e-002
  9.1552734e-002
  1.5856934e-001
  8.0932617e-002
 -7.4768066e-002
 -1.7196655e-001
 -3.0532837e-001
 -3.2479858e-001
 -2.7005005e-001
  2.5817871e-002
  1.6516113e-001
  3.4292603e-001
  4.2370605e-001
  2.2991943e-001
  1.7648315e-001
  4.9072266e-002
  4.1717529e-002
  5.7861328e-002
  1.3439941e-001
  9.1217041e-002
  2.7465820e-003
 -8.6364746e-003
 -1.2667847e-001
 -6.7718506e-002
  2.8259277e-002
  1.3021851e-001
  2.2177124e-001
  2.3632813e-001
  1.5719604e-001
 -1.1932373e-002
 -9.0545654e-002
 -1.9656372e-001
 -1.8020630e-001
 -1.1419678e-001
 -7.8094482e-002
 -3.1616211e-002
 -4.7332764e-002
 -6.9152832e-002
 -1.1972046e-001
 -8.9263916e-002
 -4.9591064e-002
  6.1035156e-003
  8.6791992e-002
  1.0089111e-001
  1.0134888e-001
  6.9458008e-002
  3.8116455e-002
  1.3000488e-002
  1.7242432e-002
  3.1799316e-002
  4.1076660e-002
  7.4920654e-002
  7.3730469e-002
  8.2519531e-002
  8.8104248e-002
  8.9416504e-002
  9.1278076e-002
  1.0986328e-001
  1.0839844e-001
  9.8663330e-002
  8.7677002e-002
  3.1829834e-002
 -1.4068604e-002
 -6.9091797e-002
 -1.0299683e-001
 -1.2979126e-001
 -1.3168335e-001
 -1.3607788e-001
 -1.5765381e-001
 -1.6397095e-001
 -1.8118286e-001
 -1.8023682e-001
 -1.6976929e-001
 -1.5704346e-001
 -1.3003540e-001
 -5.1574707e-003
  1.2634277e-002
  4.8645020e-002
  3.3325195e-002
 -1.0708618e-001
 -1.6555786e-001
 -2.7059937e-001
 -2.7389526e-001
 -2.6980591e-001
  3.0517578e-004
  1.8576050e-001
  3.2580566e-001
  4.9151611e-001
  2.8817749e-001
  2.2796631e-001
  7.0739746e-002
  6.9885254e-003
  4.0924072e-002
  1.0757446e-001
  1.3156128e-001
  5.9082031e-002
  5.4077148e-002
 -1.0043335e-001
 -7.6507568e-002
 -8.7585449e-003
  7.1228027e-002
  2.2250366e-001
  2.3614502e-001
  1.8060303e-001
  3.2714844e-002
 -8.8562012e-002
 -2.2308350e-001
 -2.2082520e-001
 -1.5582275e-001
 -1.2686157e-001
 -3.2653809e-002
 -5.6182861e-002
 -8.4045410e-002
 -1.2429810e-001
 -1.2692261e-001
 -7.1868896e-002
  2.5634766e-003
  9.3078613e-002
  1.2042236e-001
  1.4151001e-001
  1.0440063e-001
  5.6640625e-002
  5.0140381e-002
  3.6682129e-002
  7.5347900e-002
  8.0932617e-002
  9.1644287e-002
  8.1726074e-002
  5.6610107e-002
  7.4707031e-002
  6.6223145e-002
  9.8571777e-002
  9.4024658e-002
  8.7829590e-002
  5.5175781e-002
  1.7089844e-002
 -2.5665283e-002
 -7.4707031e-002
 -8.6120605e-002
 -1.0015869e-001
 -8.2916260e-002
 -8.4259033e-002
 -8.5083008e-002
 -1.0720825e-001
 -1.3674927e-001
 -1.6360474e-001
 -1.8692017e-001
 -2.0123291e-001
 -2.0806885e-001
 -1.9271851e-001
 -5.9936523e-002
 -1.5808105e-002
  6.7810059e-002
  8.5876465e-002
 -4.9499512e-002
 -8.3435059e-002
 -2.4395752e-001
 -2.6586914e-001
 -2.9333496e-001
 -7.5469971e-002
  1.3687134e-001
  2.6635742e-001
  4.7525024e-001
  2.6144409e-001
  2.4206543e-001
  6.2469482e-002
 -8.2397461e-003
  6.3446045e-002
  8.6578369e-002
  1.5948486e-001
  7.1105957e-002
  7.4401855e-002
 -7.9833984e-002
 -5.9020996e-002
 -6.5307617e-003
  6.7443848e-002
  2.2659302e-001
  2.0132446e-001
  1.5774536e-001
 -6.6528320e-003
 -1.5762329e-001
 -2.6782227e-001
 -2.6739502e-001
 -1.7410278e-001
 -1.1199951e-001
  6.3171387e-003
 -1.6540527e-002
 -3.8970947e-002
 -9.6893311e-002
 -1.3967896e-001
 -8.2275391e-002
 -1.8737793e-002
  8.0596924e-002
  1.2557983e-001
  1.3845825e-001
  9.7778320e-002
  5.3100586e-002
  1.9836426e-002
  2.3223877e-002
  4.6020508e-002
  6.7443848e-002
  8.1909180e-002
  8.5540771e-002
  6.8298340e-002
  7.0007324e-002
  8.7951660e-002
  7.9132080e-002
  1.1126709e-001
  7.9406738e-002
  5.3619385e-002
  1.9042969e-002
 -2.8045654e-002
 -4.4342041e-002
 -5.5450439e-002
 -4.9407959e-002
 -5.6854248e-002
 -4.8278809e-002
 -7.3974609e-002
 -8.1604004e-002
 -1.0922241e-001
 -1.3143921e-001
 -1.3708496e-001
 -1.4443970e-001
 -1.5744019e-001
 -1.5267944e-001
 -1.6094971e-001
 -1.0092163e-001
  2.1392822e-002
  3.9703369e-002
  1.3061523e-001
  3.5491943e-002
 -7.3913574e-002
 -1.6455078e-001
 -3.0789185e-001
 -3.1085205e-001
 -2.6724243e-001
  4.3121338e-002
  1.9119263e-001
  4.3338013e-001
  4.5257568e-001
  2.6461792e-001
  2.1054077e-001
 -4.0863037e-002
 -3.5400391e-003
  1.0559082e-002
  1.0375977e-001
  1.1755371e-001
  9.5001221e-002
  4.0893555e-002
 -7.9345703e-002
 -1.3244629e-002
 -1.4709473e-002
  1.3415527e-001
  2.0053101e-001
  1.6918945e-001
  1.0104370e-001
 -6.5185547e-002
 -1.7776489e-001
 -2.4868774e-001
 -1.9580078e-001
 -1.4068604e-001
 -5.0170898e-002
 -1.2207031e-004
 -3.4240723e-002
 -4.0618896e-002
 -1.0140991e-001
 -7.4890137e-002
 -1.5258789e-002
  5.0842285e-002
  1.2796021e-001
  1.4779663e-001
  1.4126587e-001
  8.7402344e-002
  5.7647705e-002
  4.2053223e-002
  5.0567627e-002
  7.8796387e-002
  7.3272705e-002
  9.1644287e-002
  6.3568115e-002
  4.2816162e-002
  4.8461914e-002
  3.2226563e-002
  5.8258057e-002
  5.3436279e-002
  4.6997070e-002
  2.0019531e-002
 -9.9487305e-003
 -5.2764893e-002
 -7.6721191e-002
 -7.9376221e-002
 -9.2987061e-002
 -7.2082520e-002
 -8.5296631e-002
 -9.4085693e-002
 -1.1599731e-001
 -1.3562012e-001
 -1.5594482e-001
 -1.3876343e-001
 -1.2808228e-001
 -1.1352539e-001
 -1.0241699e-001
 -4.7943115e-002
  2.8076172e-002
  3.8024902e-002
  9.5367432e-002
 -2.0477295e-002
 -9.2498779e-002
 -1.8515015e-001
 -2.8717041e-001
 -2.7529907e-001
 -2.0669556e-001
  6.8908691e-002
  2.0330811e-001
  4.2861938e-001
  3.9813232e-001
  2.7142334e-001
  1.9290161e-001
 -1.9714355e-002
  1.9836426e-002
  7.3242188e-003
  7.7789307e-002
  6.3385010e-002
  5.1574707e-002
 -7.0190430e-003
 -6.2469482e-002
  4.8828125e-003
  2.7374268e-002
  1.7675781e-001
  2.0520020e-001
  1.7193604e-001
  7.9345703e-002
 -8.7066650e-002
 -1.9348145e-001
 -2.5482178e-001
 -2.1224976e-001
 -1.4913940e-001
 -5.7067871e-002
 -1.7639160e-002
 -2.4871826e-002
 -3.2135010e-002
 -8.4655762e-002
 -5.1422119e-002
 -1.1291504e-002
  4.3884277e-002
  1.0366821e-001
  1.2423706e-001
  1.1462402e-001
  8.1909180e-002
  5.3741455e-002
  2.6672363e-002
  4.1198730e-002
  4.3731689e-002
  5.6701660e-002
  6.3079834e-002
  5.2703857e-002
  4.5654297e-002
  5.1208496e-002
  4.8065186e-002
  6.1401367e-002
  6.6040039e-002
  3.0944824e-002
  1.5655518e-002
 -3.5644531e-002
 -6.8695068e-002
 -8.1268311e-002
 -9.1125488e-002
 -8.2550049e-002
 -7.3242188e-002
 -7.0312500e-002
 -7.6293945e-002
 -7.5805664e-002
 -1.0208130e-001
 -9.8876953e-002
 -9.7137451e-002
 -9.8480225e-002
 -9.6618652e-002
 -1.0220337e-001
 -1.2100220e-001
 -9.2620850e-002
 -1.2237549e-002
 -9.4299316e-003
  7.2387695e-002
 -4.8828125e-004
 -8.1512451e-002
 -1.2991333e-001
 -2.5204468e-001
 -2.3422241e-001
 -2.2302246e-001
  1.9805908e-002
  1.6271973e-001
  3.5119629e-001
  3.9117432e-001
  2.1676636e-001
  1.6732788e-001
 -6.9580078e-002
 -5.3375244e-002
 -3.3233643e-002
  4.7912598e-002
  1.1203003e-001
  1.0775757e-001
  9.0911865e-002
  2.8991699e-003
  3.4088135e-002
  3.6315918e-003
  9.3231201e-002
  1.2283325e-001
  9.6679688e-002
  5.5877686e-002
 -7.4157715e-002
 -1.5744019e-001
 -2.0974731e-001
 -1.8060303e-001
 -1.1740112e-001
 -3.1738281e-002
  2.1850586e-002
  2.8594971e-002
  2.1514893e-002
 -4.0313721e-002
 -5.6488037e-002
 -4.6783447e-002
 -1.1444092e-002
  6.4605713e-002
  1.1105347e-001
  1.2902832e-001
  1.1029053e-001
  6.9396973e-002
  3.1829834e-002
  2.7648926e-002
  3.2043457e-002
  5.7189941e-002
  8.3587646e-002
  8.3007813e-002
  6.9183350e-002
  4.3945313e-002
  1.2420654e-002
 -9.4604492e-003
 -9.1552734e-003
 -2.4353027e-002
 -1.7486572e-002
 -3.0670166e-002
 -4.7637939e-002
 -5.7617188e-002
 -7.3516846e-002
 -7.5897217e-002
 -7.1807861e-002
 -5.8837891e-002
 -5.3131104e-002
 -4.6112061e-002
 -6.0943604e-002
 -7.2387695e-002
 -7.4401855e-002
 -8.2214355e-002
 -7.1777344e-002
 -7.8186035e-002
 -7.3974609e-002
 -9.8114014e-002
 -6.1523438e-002
 -2.6733398e-002
 -1.7395020e-002
  4.2388916e-002
 -4.7180176e-002
 -6.6314697e-002
 -1.5081787e-001
 -2.2155762e-001
 -2.2512817e-001
 -1.8817139e-001
  5.8471680e-002
  1.7297363e-001
  3.9132690e-001
  3.4378052e-001
  2.2085571e-001
  1.0104370e-001
 -1.1831665e-001
 -7.1289063e-002
 -5.7220459e-002
  1.0070801e-001
  1.4816284e-001
  1.7938232e-001
  1.1508179e-001
  1.1230469e-002
 -8.9721680e-003
 -5.8746338e-002
  6.2713623e-002
  9.3872070e-002
  1.3778687e-001
  9.3688965e-002
 -2.5726318e-002
 -1.1599731e-001
 -1.9543457e-001
 -1.6769409e-001
 -1.1523438e-001
 -1.6021729e-002
  3.2226563e-002
  3.8513184e-002
 -2.0141602e-003
 -7.7941895e-002
 -8.2977295e-002
 -6.1065674e-002
  2.5787354e-002
  1.1859131e-001
  1.6552734e-001
  1.6708374e-001
  1.1904907e-001
  5.2764893e-002
  8.5144043e-003
  1.4190674e-002
  2.8381348e-002
  7.3547363e-002
  9.4909668e-002
  7.5683594e-002
  4.9255371e-002
  6.2255859e-003
 -2.3590088e-002
 -1.9744873e-002
 -3.7841797e-003
  2.5329590e-003
  1.3977051e-002
 -9.1857910e-003
 -3.5827637e-002
 -4.7454834e-002
 -6.5917969e-002
 -4.5318604e-002
 -3.3203125e-002
 -2.8869629e-002
 -3.2745361e-002
 -5.5847168e-002
 -8.0169678e-002
 -9.6038818e-002
 -8.4808350e-002
 -7.9010010e-002
 -5.8319092e-002
 -6.6864014e-002
 -7.8918457e-002
 -1.1328125e-001
 -1.0363770e-001
 -6.7535400e-002
 -4.9194336e-002
  2.0843506e-002
 -2.6397705e-002
 -4.7393799e-002
 -1.1221313e-001
 -1.8710327e-001
 -1.9769287e-001
 -1.6979980e-001
  3.8421631e-002
  1.6183472e-001
  3.3560181e-001
  3.0844116e-001
  1.7846680e-001
  8.2489014e-002
 -8.6883545e-002
 -3.9062500e-002
  1.9012451e-002
  1.4401245e-001
  1.8777466e-001
  1.7297363e-001
  8.0505371e-002
 -3.8757324e-002
 -6.2957764e-002
 -7.2021484e-002
  6.1859131e-002
  1.2670898e-001
  1.5188599e-001
  9.9884033e-002
 -3.3081055e-002
 -1.3931274e-001
 -2.0782471e-001
 -1.7599487e-001
 -1.0168457e-001
 -8.3312988e-003
  2.8015137e-002
  1.8402100e-002
 -2.8076172e-002
 -9.1247559e-002
 -7.7301025e-002
 -2.4444580e-002
  5.8441162e-002
  1.4462280e-001
  1.6107178e-001
  1.3537598e-001
  7.7087402e-002
  3.9062500e-003
 -1.6723633e-002
 -1.9531250e-003
  3.9031982e-002
  7.0404053e-002
  8.3007813e-002
  5.0994873e-002
  6.8359375e-003
 -2.3162842e-002
 -4.4372559e-002
 -1.5289307e-002
  7.3242188e-003
  2.1331787e-002
  2.0080566e-002
 -7.0800781e-003
 -3.8848877e-002
 -5.5999756e-002
 -6.9335938e-002
 -5.5450439e-002
 -4.3792725e-002
 -4.4738770e-002
 -4.5501709e-002
 -7.3089600e-002
 -8.9782715e-002
 -1.0278320e-001
 -9.5703125e-002
 -8.1848145e-002
 -7.5347900e-002
 -6.2469482e-002
 -7.6293945e-002
 -6.9030762e-002
 -4.8370361e-002
 -4.4128418e-002
 -7.1411133e-003
 -2.6641846e-002
 -4.8919678e-002
 -8.0383301e-002
 -1.4437866e-001
 -1.5130615e-001
 -1.4328003e-001
 -1.8310547e-004
  1.3555908e-001
  2.5933838e-001
  3.1097412e-001
  2.1395874e-001
  1.3363647e-001
 -3.3569336e-003
 -2.5177002e-002
  9.6435547e-003
  8.3984375e-002
  1.3626099e-001
  1.2698364e-001
  8.2427979e-002
 -1.1291504e-002
 -3.1188965e-002
 -3.8604736e-002
  4.5318604e-002
  1.1090088e-001
  1.2359619e-001
  9.2773438e-002
 -1.6967773e-002
 -1.0964966e-001
 -1.7593384e-001
 -1.6110229e-001
 -1.0473633e-001
 -2.9663086e-002
  2.0568848e-002
  1.5502930e-002
 -5.4016113e-003
 -4.7698975e-002
 -4.0374756e-002
  5.0659180e-003
  6.9976807e-002
  1.3299561e-001
  1.4935303e-001
  1.2808228e-001
  6.4758301e-002
  1.1291504e-002
 -1.1962891e-002
  1.0467529e-002
  4.8767090e-002
  8.3374023e-002
  9.6710205e-002
  6.6467285e-002
  2.9266357e-002
 -1.2329102e-002
 -2.8167725e-002
 -1.9226074e-002
 -2.9907227e-003
 -5.8898926e-003
 -1.1596680e-002
 -2.9022217e-002
 -5.3710938e-002
 -5.6976318e-002
 -6.9244385e-002
 -6.1279297e-002
 -5.5084229e-002
 -5.8319092e-002
 -5.6671143e-002
 -6.9122314e-002
 -7.5256348e-002
 -8.2977295e-002
 -8.0108643e-002
 -7.2143555e-002
 -6.8542480e-002
 -6.2652588e-002
 -6.1676025e-002
 -7.2174072e-002
 -7.3516846e-002
 -5.4229736e-002
 -4.4555664e-002
 -2.1789551e-002
 -3.2318115e-002
 -5.5511475e-002
 -7.8216553e-002
 -1.1941528e-001
 -1.3159180e-001
 -1.2130737e-001
  1.4953613e-003
  1.1346436e-001
  2.2589111e-001
  2.7447510e-001
  1.8621826e-001
  1.2115479e-001
 -5.1269531e-003
 -2.4322510e-002
  6.6528320e-003
  6.6467285e-002
  1.1532593e-001
  1.0781860e-001
  7.2052002e-002
 -5.6152344e-003
 -1.3793945e-002
 -1.7425537e-002
  5.7739258e-002
  1.0913086e-001
  1.1160278e-001
  8.0200195e-002
 -2.3437500e-002
 -9.8754883e-002
 -1.4599609e-001
 -1.3046265e-001
 -7.3425293e-002
 -1.0803223e-002
  2.3162842e-002
  1.7150879e-002
 -3.4484863e-003
 -3.8696289e-002
 -3.3172607e-002
 -2.7465820e-004
  5.1727295e-002
  1.0098267e-001
  1.1145020e-001
  9.6069336e-002
  6.2164307e-002
  3.2897949e-002
  2.0782471e-002
  4.6295166e-002
  5.9265137e-002
  7.1105957e-002
  4.9468994e-002
  5.9204102e-003
 -2.4932861e-002
 -4.9438477e-002
 -4.0802002e-002
 -2.6550293e-002
 -1.7700195e-003
 -1.4129639e-002
 -2.0477295e-002
 -4.5867920e-002
 -6.8664551e-002
 -6.7565918e-002
 -7.2326660e-002
 -4.3548584e-002
 -3.2226563e-002
 -3.0090332e-002
 -3.9886475e-002
 -5.9539795e-002
 -7.1899414e-002
 -7.4859619e-002
 -6.5093994e-002
 -5.3710938e-002
 -4.4067383e-002
 -4.7027588e-002
 -6.1096191e-002
 -8.1848145e-002
 -1.0629272e-001
 -8.5662842e-002
 -6.7169189e-002
 -3.3569336e-002
 -5.7678223e-003
 -2.8411865e-002
 -4.0130615e-002
 -1.0610962e-001
 -1.3003540e-001
 -1.2585449e-001
 -3.7322998e-002
  9.2742920e-002
  1.7709351e-001
  2.5231934e-001
  1.6079712e-001
  1.0531616e-001
  5.7983398e-003
 -3.0120850e-002
  2.8411865e-002
  6.5551758e-002
  1.3046265e-001
  1.0824585e-001
  8.7036133e-002
  1.8096924e-002
  9.3078613e-003
  2.2277832e-002
  6.9335938e-002
  1.2863159e-001
  1.0189819e-001
  6.8145752e-002
 -2.9052734e-002
 -1.0058594e-001
 -1.3409424e-001
 -1.1737061e-001
 -5.8319092e-002
 -4.5776367e-003
  3.0303955e-002
  2.2460938e-002
  1.3793945e-002
 -1.3336182e-002
 -9.9792480e-003
  2.8106689e-002
  6.0546875e-002
  9.6771240e-002
  1.0031128e-001
  8.3129883e-002
  5.8624268e-002
  3.6407471e-002
  2.7709961e-002
  3.6712646e-002
  4.0527344e-002
  3.3172607e-002
  1.9470215e-002
 -3.6010742e-003
 -1.6082764e-002
 -2.2583008e-002
 -1.1108398e-002
 -1.5563965e-003
  6.8664551e-003
 -9.1552734e-003
 -2.2796631e-002
 -4.0893555e-002
 -5.5389404e-002
 -4.7302246e-002
 -4.7180176e-002
 -3.2379150e-002
 -2.5665283e-002
 -2.6977539e-002
 -3.3691406e-002
 -4.8553467e-002
 -6.3262939e-002
 -7.0861816e-002
 -6.5093994e-002
 -5.8410645e-002
 -4.5166016e-002
 -4.3640137e-002
 -5.1727295e-002
 -7.6324463e-002
 -1.0510254e-001
 -8.7310791e-002
 -7.7636719e-002
 -3.7322998e-002
 -2.6428223e-002
 -4.5593262e-002
 -6.1035156e-002
 -1.1578369e-001
 -1.1721802e-001
 -1.0925293e-001
  9.6435547e-003
  1.1880493e-001
  1.9824219e-001
  2.4545288e-001
  1.4349365e-001
  9.5642090e-002
  2.9296875e-003
  1.1596680e-003
  4.5745850e-002
  9.6191406e-002
  1.3348389e-001
  1.0391235e-001
  8.3312988e-002
  1.7059326e-002
  4.1656494e-002
  5.1147461e-002
  9.6038818e-002
  1.2301636e-001
  7.9833984e-002
  3.2470703e-002
 -5.4443359e-002
 -9.6252441e-002
 -1.1294556e-001
 -7.4218750e-002
 -3.5949707e-002
  1.2207031e-004
  1.0925293e-002
 -1.0925293e-002
 -6.7749023e-003
 -2.2583008e-002
  1.6174316e-003
  3.4942627e-002
  5.5694580e-002
  6.7718506e-002
  5.7464600e-002
  3.9428711e-002
  1.9073486e-002
  2.6763916e-002
  2.3864746e-002
  4.4494629e-002
  3.7689209e-002
  1.9622803e-002
  7.9345703e-003
 -1.5441895e-002
 -1.9500732e-002
 -1.4556885e-002
  4.2114258e-003
  2.6855469e-003
  9.9792480e-003
 -1.3763428e-002
 -2.9296875e-002
 -3.4423828e-002
 -4.5104980e-002
 -3.4271240e-002
 -3.6102295e-002
 -2.9388428e-002
 -3.1127930e-002
 -3.1005859e-002
 -4.0649414e-002
 -4.6966553e-002
 -4.7607422e-002
 -5.9112549e-002
 -4.9346924e-002
 -7.0983887e-002
 -7.4371338e-002
 -7.7728271e-002
 -9.1156006e-002
 -9.3139648e-002
 -1.1776733e-001
 -8.3892822e-002
 -8.0993652e-002
 -3.9215088e-002
 -2.7465820e-002
 -6.4910889e-002
 -6.2835693e-002
 -1.2258911e-001
 -1.1093140e-001
 -9.9609375e-002
  1.5869141e-003
  1.0653687e-001
  1.6143799e-001
  2.1865845e-001
  1.1752319e-001
  1.0113525e-001
  2.8991699e-002
  2.3651123e-002
  8.0383301e-002
  1.0388184e-001
  1.3479614e-001
  9.1979980e-002
  8.6242676e-002
  2.8320313e-002
  5.7373047e-002
  6.4300537e-002
  8.2702637e-002
  1.0519409e-001
  4.3518066e-002
  9.0026855e-003
 -6.3842773e-002
 -8.6578369e-002
 -9.3261719e-002
 -5.6518555e-002
 -2.6275635e-002
 -1.5777588e-002
 -2.7770996e-003
 -3.0456543e-002
 -1.8890381e-002
 -1.6174316e-002
  3.1433105e-003
  3.4362793e-002
  4.7393799e-002
  4.3975830e-002
  4.2236328e-002
  3.9123535e-002
  4.4036865e-002
  5.9875488e-002
  5.6854248e-002
  6.3934326e-002
  4.1168213e-002
  1.8890381e-002
 -2.2277832e-003
 -9.7656250e-004
 -1.9531250e-003
  1.0864258e-002
  2.0904541e-002
  5.5236816e-003
  5.6152344e-003
 -2.4139404e-002
 -2.7343750e-002
 -2.7374268e-002
 -2.6458740e-002
 -3.0090332e-002
 -3.0181885e-002
 -3.3966064e-002
 -3.7200928e-002
 -3.2318115e-002
 -4.2938232e-002
 -4.1442871e-002
 -6.2500000e-002
 -8.1085205e-002
 -8.9721680e-002
 -9.3078613e-002
 -7.3852539e-002
 -6.5673828e-002
 -6.0516357e-002
 -8.5418701e-002
 -7.5347900e-002
 -7.5317383e-002
 -7.0983887e-002
 -3.2043457e-002
 -6.9976807e-002
 -6.8878174e-002
 -1.0467529e-001
 -1.2576294e-001
 -1.0632324e-001
 -4.1381836e-002
  9.9334717e-002
  1.6610718e-001
  2.5036621e-001
  1.7575073e-001
  1.0473633e-001
  5.6671143e-002
  1.5869141e-003
  6.7352295e-002
  9.6435547e-002
  1.4007568e-001
  1.0339355e-001
  8.5205078e-002
  3.9428711e-002
  3.9672852e-002
  8.5662842e-002
  8.9691162e-002
  1.2899780e-001
  6.6436768e-002
  4.3029785e-003
 -6.5338135e-002
 -1.0964966e-001
 -1.0397339e-001
 -8.3618164e-002
 -4.0222168e-002
 -4.2358398e-002
 -2.9357910e-002
 -4.7790527e-002
 -4.5043945e-002
 -1.6387939e-002
 -8.6059570e-003
  2.5970459e-002
  2.8503418e-002
  2.5573730e-002
  1.9897461e-002
  2.9815674e-002
  4.6081543e-002
  7.0281982e-002
  8.7738037e-002
  6.4392090e-002
  4.6905518e-002
  6.5612793e-003
 -1.2054443e-002
 -1.5563965e-003
  8.7280273e-003
  2.0568848e-002
  2.1911621e-002
  3.7841797e-003
 -1.6235352e-002
 -2.1118164e-002
 -3.0517578e-002
 -2.5177002e-002
 -2.6275635e-002
 -4.9987793e-002
 -5.9661865e-002
 -6.7138672e-002
 -6.0028076e-002
 -4.3640137e-002
 -3.7170410e-002
 -4.6783447e-002
 -6.4697266e-002
 -9.0667725e-002
 -1.1682129e-001
 -1.0729980e-001
 -9.1766357e-002
 -7.6080322e-002
 -6.4056396e-002
 -9.8327637e-002
 -9.0789795e-002
 -7.2265625e-002
 -6.3842773e-002
 -2.6000977e-002
 -5.1177979e-002
 -6.4361572e-002
 -1.1654663e-001
 -1.3446045e-001
 -1.2591553e-001
 -6.4422607e-002
  1.1187744e-001
  1.5640259e-001
  2.4975586e-001
  1.8292236e-001
  9.0789795e-002
  6.2530518e-002
  1.6357422e-002
  9.0179443e-002
  1.0382080e-001
  1.5393066e-001
  7.7148438e-002
  6.2225342e-002
  4.0832520e-002
  3.3752441e-002
  1.1279297e-001
  1.1047363e-001
  1.2097168e-001
  5.7006836e-002
 -1.4465332e-002
 -7.6080322e-002
 -9.1888428e-002
 -7.6416016e-002
 -6.9000244e-002
 -3.4851074e-002
 -5.6427002e-002
 -5.9783936e-002
 -4.3334961e-002
 -3.1005859e-002
  1.6021729e-002
  2.6855469e-002
  3.1585693e-002
  1.8463135e-002
  1.2176514e-002
  2.5634766e-002
  5.2246094e-002
  9.3322754e-002
  9.3017578e-002
  1.0043335e-001
  6.6436768e-002
  3.6010742e-002
  2.8656006e-002
  2.3071289e-002
  4.1534424e-002
  4.5135498e-002
  3.1433105e-002
  1.2756348e-002
 -5.5847168e-003
 -1.5899658e-002
 -1.6174316e-002
 -6.2561035e-003
 -1.8310547e-002
 -3.3264160e-002
 -6.3446045e-002
 -8.4197998e-002
 -7.0434570e-002
 -5.1513672e-002
 -2.9602051e-002
 -3.8970947e-002
 -6.0241699e-002
 -1.0134888e-001
 -1.1395264e-001
 -1.1669922e-001
 -9.7839355e-002
 -6.2896729e-002
 -5.7098389e-002
 -5.3833008e-002
 -9.7747803e-002
 -8.1848145e-002
 -6.1828613e-002
 -4.1351318e-002
  1.8920898e-003
 -4.6813965e-002
 -6.3293457e-002
 -1.1859131e-001
 -1.2261963e-001
 -9.9182129e-002
 -2.1270752e-002
  1.5020752e-001
  1.6708374e-001
  2.3742676e-001
  1.5145874e-001
  7.1472168e-002
  7.6019287e-002
  5.2673340e-002
  1.2322998e-001
  1.0644531e-001
  1.2448120e-001
  2.7893066e-002
  3.2531738e-002
  5.1452637e-002
  6.9458008e-002
  1.4285278e-001
  1.1013794e-001
  7.7178955e-002
  5.6457520e-003
 -3.8208008e-002
 -6.1767578e-002
 -5.2276611e-002
 -4.8858643e-002
 -8.0810547e-002
 -8.9843750e-002
 -1.0260010e-001
 -8.5601807e-002
 -1.8157959e-002
  2.2491455e-002
  4.5532227e-002
  2.3498535e-002
  1.8310547e-004
 -1.3336182e-002
  1.2207031e-002
  6.4025879e-002
  9.2468262e-002
  1.1529541e-001
  9.1857910e-002
  5.7586670e-002
  3.6773682e-002
  2.9785156e-002
  4.3365479e-002
  5.8959961e-002
  5.5297852e-002
  3.0731201e-002
 -1.0681152e-003
 -7.7514648e-003
 -1.1962891e-002
  9.5214844e-003
  7.0495605e-003
 -1.1535645e-002
 -4.4464111e-002
 -8.0322266e-002
 -9.3109131e-002
 -8.6730957e-002
 -5.8654785e-002
 -5.0048828e-002
 -5.2459717e-002
 -7.4188232e-002
 -9.2102051e-002
 -1.0012817e-001
 -8.7890625e-002
 -8.1298828e-002
 -8.5021973e-002
 -8.0535889e-002
 -8.2519531e-002
 -7.2784424e-002
 -8.8226318e-002
 -5.7891846e-002
 -2.3193359e-002
 -3.7902832e-002
 -6.8969727e-003
 -6.6314697e-002
 -9.4055176e-002
 -8.7738037e-002
 -9.1247559e-002
 -5.3344727e-002
 -2.2003174e-002
  1.1672974e-001
  1.2222290e-001
  1.8075562e-001
  1.7080688e-001
  7.4981689e-002
  1.1282349e-001
  5.1361084e-002
  7.6019287e-002
  6.6070557e-002
  6.7962646e-002
  3.0242920e-002
  2.1911621e-002
  7.9833984e-002
  6.0546875e-002
  9.8876953e-002
  8.4075928e-002
  2.7679443e-002
  1.5991211e-002
 -2.7221680e-002
 -3.4118652e-002
 -5.2856445e-002
 -6.1950684e-002
 -9.8937988e-002
 -1.1474609e-001
 -8.2275391e-002
 -7.2418213e-002
 -3.1738281e-003
  2.4688721e-002
  2.2613525e-002
 -3.0822754e-003
 -1.3122559e-002
  3.2653809e-003
  3.0212402e-002
  7.2418213e-002
  8.1146240e-002
  8.0932617e-002
  6.6925049e-002
  5.6793213e-002
  5.3771973e-002
  6.3659668e-002
  5.7586670e-002
  4.3975830e-002
  3.1188965e-002
  7.4462891e-003
 -6.1340332e-003
 -7.6293945e-004
 -2.4719238e-003
 -7.7209473e-003
 -1.5808105e-002
 -4.1015625e-002
 -5.9967041e-002
 -7.0251465e-002
 -8.0108643e-002
 -7.9895020e-002
 -6.7565918e-002
 -6.9824219e-002
 -7.0739746e-002
 -7.5103760e-002
 -8.4838867e-002
 -8.8165283e-002
 -8.6639404e-002
 -9.6679688e-002
 -1.0058594e-001
 -9.0789795e-002
 -7.9254150e-002
 -5.4901123e-002
 -6.3354492e-002
 -4.6539307e-002
 -1.1444092e-002
 -2.5085449e-002
 -1.1260986e-002
 -5.6365967e-002
 -7.9406738e-002
 -8.3068848e-002
 -7.4462891e-002
 -4.7790527e-002
 -3.0944824e-002
  1.2496948e-001
  1.2847900e-001
  1.7095947e-001
  1.7285156e-001
  8.2122803e-002
  1.1611938e-001
  7.5592041e-002
  1.0134888e-001
  5.9875488e-002
  5.9020996e-002
  2.1789551e-002
  1.4282227e-002
  8.7158203e-002
  8.4411621e-002
  8.6914063e-002
  7.5653076e-002
  1.7059326e-002
  1.5441895e-002
 -1.2207031e-004
  7.5073242e-003
 -3.1982422e-002
 -7.3211670e-002
 -1.0354614e-001
 -1.2759399e-001
 -7.3333740e-002
 -4.3151855e-002
  7.9345703e-004
  1.2969971e-002
  4.8828125e-004
 -7.9040527e-003
  6.7443848e-003
  4.9438477e-002
  7.6965332e-002
  8.4228516e-002
  8.0841064e-002
  5.2642822e-002
  5.7159424e-002
  6.6833496e-002
  8.5083008e-002
  8.9111328e-002
  5.5755615e-002
  4.1137695e-002
  1.9744873e-002
  2.5848389e-002
  2.4047852e-002
  1.9958496e-002
  2.4719238e-003
 -2.3315430e-002
 -2.8320313e-002
 -3.8665771e-002
 -3.9276123e-002
 -4.9011230e-002
 -6.9915771e-002
 -7.6782227e-002
 -7.4066162e-002
 -6.4361572e-002
 -6.7504883e-002
 -7.0861816e-002
 -8.1726074e-002
 -8.6151123e-002
 -7.4310303e-002
 -8.7432861e-002
 -8.3740234e-002
 -8.1024170e-002
 -8.3038330e-002
 -5.8776855e-002
 -6.3262939e-002
 -4.2327881e-002
  8.6059570e-003
 -3.4576416e-002
 -3.2409668e-002
 -6.2896729e-002
 -8.0352783e-002
 -6.1920166e-002
 -6.5673828e-002
 -4.0252686e-002
 -6.4178467e-002
  1.0586548e-001
  1.2261963e-001
  1.2380981e-001
  1.8395996e-001
  6.0211182e-002
  1.1273193e-001
  9.6893311e-002
  1.0470581e-001
  6.7443848e-002
  3.4484863e-002
  3.2592773e-002
 -7.9650879e-003
  8.1909180e-002
  8.4503174e-002
  3.3721924e-002
  5.2520752e-002
  9.4604492e-004
  2.2430420e-002
  3.1066895e-002
  2.2552490e-002
 -3.6437988e-002
 -1.0433960e-001
 -1.0641479e-001
 -1.2335205e-001
 -6.4514160e-002
 -2.6428223e-002
 -3.1860352e-002
 -1.6357422e-002
 -1.3671875e-002
  3.0517578e-005
  3.1585693e-002
  6.3140869e-002
  6.5155029e-002
  4.3426514e-002
  6.6864014e-002
  5.2154541e-002
  7.0312500e-002
  9.5733643e-002
  7.1777344e-002
  5.7464600e-002
  3.5644531e-002
  2.6733398e-002
  2.1148682e-002
  3.3599854e-002
  1.9836426e-002
 -5.2795410e-003
 -5.9204102e-003
 -2.5421143e-002
 -2.4841309e-002
 -3.1127930e-002
 -5.1086426e-002
 -6.2042236e-002
 -7.2143555e-002
 -7.2387695e-002
 -7.0312500e-002
 -7.0770264e-002
 -7.6904297e-002
 -9.3078613e-002
 -8.3679199e-002
 -8.1512451e-002
 -7.7362061e-002
 -9.0240479e-002
 -1.0620117e-001
 -9.7808838e-002
 -9.3750000e-002
 -3.9306641e-002
 -6.4849854e-002
 -5.2581787e-002
  2.6550293e-003
 -5.7739258e-002
 -2.1942139e-002
 -5.4138184e-002
 -5.9570313e-002
 -6.6925049e-002
 -5.5755615e-002
 -3.1738281e-002
 -7.7453613e-002
  1.0980225e-001
  9.4421387e-002
  1.0018921e-001
  1.6842651e-001
  9.0484619e-002
  1.2924194e-001
  1.1798096e-001
  1.2097168e-001
  5.2246094e-002
  2.9693604e-002
  4.9407959e-002
  1.8615723e-003
  5.9020996e-002
  5.8013916e-002
 -2.8076172e-003
  3.2806396e-002
  2.1881104e-002
  4.6386719e-002
  2.6611328e-002
  1.8463135e-002
 -3.8177490e-002
 -9.0423584e-002
 -6.7871094e-002
 -8.4167480e-002
 -7.8399658e-002
 -6.2316895e-002
 -6.4239502e-002
 -4.3121338e-002
 -1.5838623e-002
  1.7059326e-002
  1.7578125e-002
  5.6884766e-002
  6.9641113e-002
  7.1075439e-002
  8.4991455e-002
  7.1289063e-002
  6.0211182e-002
  5.9173584e-002
  8.6578369e-002
  5.5267334e-002
  3.9337158e-002
  2.3925781e-002
  1.8402100e-002
  3.7048340e-002
  4.3701172e-002
  2.3651123e-002
 -1.5533447e-002
 -2.8778076e-002
 -1.9744873e-002
 -2.5573730e-002
 -2.3345947e-002
 -4.9926758e-002
 -7.3303223e-002
 -6.6864014e-002
 -5.5725098e-002
 -5.9417725e-002
 -7.7056885e-002
 -8.5296631e-002
 -8.6517334e-002
 -8.0718994e-002
 -6.2530518e-002
 -8.7493896e-002
 -1.0031128e-001
 -9.1949463e-002
 -7.9589844e-002
 -5.2917480e-002
 -6.7657471e-002
 -6.5704346e-002
 -1.2451172e-002
 -4.5501709e-002
 -4.0313721e-002
 -3.5247803e-002
 -5.9753418e-002
 -5.8135986e-002
 -6.5551758e-002
 -4.3121338e-002
 -8.1115723e-002
  7.0892334e-002
  1.2750244e-001
  5.9875488e-002
  1.4749146e-001
  9.3566895e-002
  1.3110352e-001
  1.4065552e-001
  1.3320923e-001
  7.1990967e-002
  2.3559570e-002
  7.2479248e-002
  3.1738281e-002
  3.1127930e-002
  5.3741455e-002
 -1.3031006e-002
  1.9531250e-002
  4.1046143e-002
  5.7128906e-002
  2.9022217e-002
  7.2326660e-003
 -3.9367676e-003
 -6.0577393e-002
 -4.6722412e-002
 -6.1370850e-002
 -9.2529297e-002
 -7.7850342e-002
 -6.2988281e-002
 -4.2755127e-002
 -3.7048340e-002
 -4.5776367e-003
  1.2268066e-002
  3.3721924e-002
  8.3892822e-002
  7.1441650e-002
  7.8521729e-002
  6.7413330e-002
  8.4136963e-002
  7.4920654e-002
  7.8491211e-002
  7.5866699e-002
  1.9958496e-002
  2.9785156e-002
  3.0426025e-002
  3.1372070e-002
  2.0690918e-002
  1.8829346e-002
  5.1574707e-003
 -2.2430420e-002
  3.3264160e-003
 -1.8463135e-002
 -3.8177490e-002
 -2.8137207e-002
 -5.0231934e-002
 -5.9600830e-002
 -5.9783936e-002
 -5.6213379e-002
 -7.7697754e-002
 -7.5683594e-002
 -6.7352295e-002
 -8.6303711e-002
 -6.9030762e-002
 -7.2326660e-002
 -7.9132080e-002
 -8.3587646e-002
 -5.8593750e-002
 -5.5603027e-002
 -5.7067871e-002
 -6.0485840e-002
 -1.3366699e-002
 -7.4768066e-003
 -5.5114746e-002
 -2.9327393e-002
 -7.0281982e-002
 -4.2419434e-002
 -5.2581787e-002
 -5.1055908e-002
 -6.6894531e-002
 -3.9978027e-003
  1.5518188e-001
  5.2642822e-002
  1.1163330e-001
  1.2243652e-001
  1.2448120e-001
  1.6259766e-001
  1.3586426e-001
  1.1035156e-001
  4.3365479e-002
  7.7850342e-002
  7.9315186e-002
 -2.9602051e-003
  2.9235840e-002
 -3.2348633e-003
  1.1383057e-002
  4.3029785e-002
  4.1625977e-002
  3.4362793e-002
  9.1552734e-004
  3.4851074e-002
 -9.4604492e-003
 -4.5227051e-002
 -4.1748047e-002
 -6.9549561e-002
 -6.3751221e-002
 -5.9906006e-002
 -5.9051514e-002
 -5.6701660e-002
 -4.5104980e-002
  9.3078613e-003
  3.1463623e-002
  5.3405762e-002
  6.3262939e-002
  8.0047607e-002
  8.7249756e-002
  9.3475342e-002
  8.8592529e-002
  6.8054199e-002
  5.3955078e-002
  5.3009033e-002
  2.9296875e-002
  1.5747070e-002
  1.8096924e-002
  1.2054443e-002
  7.1411133e-003
  4.1809082e-003
 -1.7578125e-002
 -1.6876221e-002
 -3.0212402e-003
 -1.2176514e-002
 -2.7648926e-002
 -4.0679932e-002
 -5.5206299e-002
 -5.1879883e-002
 -5.5603027e-002
 -6.9061279e-002
 -9.0881348e-002
 -9.0728760e-002
 -8.4594727e-002
 -8.8439941e-002
 -9.1400146e-002
 -1.2222290e-001
 -9.0789795e-002
 -8.1817627e-002
 -6.9763184e-002
 -7.9528809e-002
 -3.6102295e-002
  1.1169434e-002
 -7.3181152e-002
 -1.7181396e-002
 -5.1727295e-002
 -5.9356689e-002
 -4.7271729e-002
 -7.7911377e-002
 -7.6385498e-002
 -6.7260742e-002
  1.2078857e-001
  3.2470703e-002
  3.8299561e-002
  1.3101196e-001
  1.2252808e-001
  1.7062378e-001
  1.4694214e-001
  1.4157104e-001
  8.2763672e-002
  9.5642090e-002
  1.1807251e-001
  2.7160645e-003
  1.0314941e-002
  2.3529053e-002
  4.1198730e-003
  2.1209717e-002
  5.6762695e-003
  2.1575928e-002
  3.1738281e-003
  4.5898438e-002
  2.2430420e-002
 -4.1564941e-002
 -3.2531738e-002
 -3.1219482e-002
 -5.3802490e-002
 -6.1828613e-002
 -7.8430176e-002
 -7.8094482e-002
 -8.0230713e-002
 -2.4902344e-002
 -9.6435547e-003
  3.6621094e-004
  3.4942627e-002
  7.4432373e-002
  9.8388672e-002
  9.8693848e-002
  1.0379028e-001
  1.0195923e-001
  9.4787598e-002
  9.1613770e-002
  3.8452148e-002
  3.1768799e-002
  3.3111572e-002
  3.1921387e-002
  1.3824463e-002
  4.8828125e-004
 -1.9226074e-003
 -8.2397461e-004
  1.4465332e-002
  5.4931641e-004
 -1.8737793e-002
 -1.1535645e-002
 -1.3092041e-002
 -2.2338867e-002
 -3.6041260e-002
 -4.0649414e-002
 -6.5399170e-002
 -7.1624756e-002
 -6.5795898e-002
 -8.7127686e-002
 -8.8317871e-002
 -8.7219238e-002
 -8.5693359e-002
 -9.8327637e-002
 -8.5388184e-002
 -6.4514160e-002
 -6.8817139e-002
 -5.8166504e-002
  1.3336182e-002
 -3.8269043e-002
 -6.4697266e-002
 -8.8500977e-003
 -3.3142090e-002
 -4.8370361e-002
 -9.0454102e-002
 -4.7241211e-002
 -9.2132568e-002
  3.2440186e-002
  1.1541748e-001
 -2.5573730e-002
  8.9385986e-002
  1.2304688e-001
  1.6879272e-001
  1.4031982e-001
  1.3159180e-001
  1.4895630e-001
  9.1094971e-002
  1.3647461e-001
  6.8817139e-002
 -2.1392822e-002
  3.7017822e-002
  1.0498047e-002
  1.2390137e-002
 -3.6071777e-002
 -7.7514648e-003
  1.9409180e-002
  2.4414063e-003
  3.2653809e-002
 -2.0355225e-002
 -3.4851074e-002
 -6.0729980e-003
 -2.5756836e-002
 -4.4616699e-002
 -8.1970215e-002
 -5.5969238e-002
 -5.8380127e-002
 -6.3293457e-002
 -4.5532227e-002
 -3.4484863e-002
  5.3405762e-003
  2.8106689e-002
  6.0668945e-002
  6.3995361e-002
  7.2906494e-002
  1.0592651e-001
  9.9395752e-002
  8.1054688e-002
  6.1492920e-002
  5.9967041e-002
  4.0649414e-002
  2.5848389e-002
  5.4931641e-003
 -1.5075684e-002
 -5.7678223e-003
 -1.0467529e-002
 -1.9989014e-002
 -2.8503418e-002
 -2.1270752e-002
 -9.7045898e-003
 -1.0314941e-002
 -1.2786865e-002
 -2.7862549e-002
 -2.4963379e-002
 -2.3345947e-002
 -5.4809570e-002
 -6.5979004e-002
 -7.2265625e-002
 -7.6477051e-002
 -9.8968506e-002
 -9.5275879e-002
 -1.0314941e-001
 -1.0775757e-001
 -8.3496094e-002
 -8.5052490e-002
 -8.9477539e-002
 -6.8725586e-002
  9.1857910e-003
 -5.8441162e-002
 -5.4443359e-002
  1.0070801e-003
 -3.8848877e-002
 -5.5725098e-002
 -8.6975098e-002
 -4.6295166e-002
 -7.6354980e-002
  5.8197021e-002
  5.6030273e-002
 -4.2083740e-002
  9.6466064e-002
  1.2545776e-001
  1.3827515e-001
  1.1810303e-001
  1.3681030e-001
  1.6256714e-001
  1.0998535e-001
  1.4266968e-001
  6.4697266e-002
  5.3100586e-003
  6.8298340e-002
  2.4902344e-002
 -1.2207031e-004
 -3.8024902e-002
  1.0192871e-002
  1.8585205e-002
 -1.8676758e-002
  6.3476563e-003
 -2.2186279e-002
 -2.2583008e-002
  9.4299316e-003
 -2.1820068e-002
 -4.1503906e-002
 -5.6823730e-002
 -2.2583008e-002
 -4.4464111e-002
 -6.9915771e-002
 -4.3426514e-002
 -2.8991699e-002
 -1.0681152e-002
  1.4038086e-002
  2.5909424e-002
  4.0802002e-002
  5.7342529e-002
  9.6008301e-002
  8.8653564e-002
  6.7810059e-002
  8.2092285e-002
  7.1105957e-002
  5.7922363e-002
  4.0039063e-002
  1.8463135e-002
  9.4299316e-003
 -6.1950684e-003
 -9.7961426e-003
 -2.8015137e-002
 -3.7017822e-002
 -1.9012451e-002
 -1.2969971e-002
 -1.8920898e-002
 -2.7679443e-002
 -2.4627686e-002
 -6.7749023e-003
 -1.7395020e-002
 -3.5125732e-002
 -4.0557861e-002
 -5.6549072e-002
 -6.9427490e-002
 -8.8897705e-002
 -9.9029541e-002
 -1.1889648e-001
 -1.0055542e-001
 -9.0606689e-002
 -1.0684204e-001
 -1.2664795e-001
 -5.4779053e-002
 -1.5075684e-002
 -8.4014893e-002
 -3.4057617e-002
 -2.5939941e-002
 -1.8981934e-002
 -3.8696289e-002
 -3.4698486e-002
 -5.4779053e-002
 -4.3518066e-002
  1.1785889e-001
  9.1247559e-003
 -7.5683594e-003
  9.1003418e-002
  1.2200928e-001
  1.3934326e-001
  9.8937988e-002
  1.4471436e-001
  1.3293457e-001
  1.1840820e-001
  1.5435791e-001
  4.7973633e-002
  2.9052734e-002
  5.9967041e-002
  4.0344238e-002
  3.2653809e-003
 -4.6447754e-002
  5.9509277e-003
 -1.0467529e-002
 -3.1036377e-002
 -1.3885498e-002
 -4.0710449e-002
 -2.9541016e-002
 -7.0190430e-004
 -1.9989014e-002
 -4.4525146e-002
 -5.4016113e-002
 -2.5329590e-003
 -3.0975342e-002
 -6.0729980e-002
 -3.4729004e-002
 -1.9958496e-002
 -1.3122559e-002
  3.9978027e-003
  1.8524170e-002
  2.1575928e-002
  3.8604736e-002
  7.6843262e-002
  5.6365967e-002
  4.5074463e-002
  6.6955566e-002
  7.6141357e-002
  5.5511475e-002
  3.3569336e-002
  2.4719238e-002
  2.3590088e-002
  2.8076172e-003
 -9.5214844e-003
 -3.4240723e-002
 -4.6325684e-002
 -2.3345947e-002
 -2.2216797e-002
 -4.8431396e-002
 -4.7790527e-002
 -2.0599365e-002
 -1.1444092e-002
 -3.6560059e-002
 -3.7078857e-002
 -3.7445068e-002
 -5.4809570e-002
 -6.2591553e-002
 -8.2275391e-002
 -1.0723877e-001
 -9.7869873e-002
 -9.6343994e-002
 -1.1279297e-001
 -1.3677979e-001
 -1.0726929e-001
 -2.5604248e-002
 -8.5815430e-002
 -8.1176758e-002
 -3.9245605e-002
 -1.9683838e-002
 -1.5441895e-002
 -4.9682617e-002
 -3.0426025e-002
 -5.2398682e-002
  7.5531006e-002
  8.1024170e-002
 -1.8890381e-002
  5.1239014e-002
  1.0693359e-001
  1.4126587e-001
  1.0479736e-001
  9.5275879e-002
  1.3861084e-001
  1.2762451e-001
  1.3674927e-001
  1.0742188e-001
  2.2216797e-002
  5.8563232e-002
  6.1401367e-002
  3.8543701e-002
 -2.2247314e-002
 -3.2714844e-002
  9.2163086e-003
 -1.6265869e-002
 -3.4088135e-002
 -2.7038574e-002
 -4.5288086e-002
 -1.1138916e-002
 -1.3824463e-002
 -2.9785156e-002
 -3.8665771e-002
 -2.6641846e-002
  9.9182129e-003
 -1.4526367e-002
 -5.0598145e-002
 -6.8054199e-003
 -8.8500977e-004
  1.2268066e-002
  1.2207031e-004
  5.6152344e-003
  1.7700195e-002
  2.7954102e-002
  7.3699951e-002
  2.8411865e-002
  2.2186279e-002
  6.7993164e-002
  7.2814941e-002
  5.3741455e-002
  2.1240234e-002
  4.1595459e-002
  3.6621094e-002
  7.3242188e-004
  2.7770996e-003
 -2.9815674e-002
 -3.3874512e-002
 -1.4892578e-002
 -2.9144287e-002
 -5.0048828e-002
 -5.4138184e-002
 -1.5167236e-002
 -1.3763428e-002
 -4.6386719e-002
 -3.4912109e-002
 -3.1738281e-002
 -4.1412354e-002
 -5.3253174e-002
 -6.6375732e-002
 -7.2906494e-002
 -8.5418701e-002
 -7.5775146e-002
 -8.9050293e-002
 -1.2057495e-001
 -9.7473145e-002
 -2.5451660e-002
 -7.2418213e-002
 -8.1176758e-002
 -3.0151367e-002
 -1.1016846e-002
 -2.0751953e-002
 -2.8900146e-002
 -6.9885254e-003
 -3.0517578e-002
  5.9936523e-002
  8.2366943e-002
  7.1411133e-003
  4.1809082e-002
  8.8226318e-002
  1.3119507e-001
  9.0423584e-002
  8.5235596e-002
  1.2057495e-001
  1.0586548e-001
  1.0589600e-001
  9.5611572e-002
  3.7048340e-002
  4.4586182e-002
  4.9652100e-002
  4.4708252e-002
 -1.3793945e-002
 -3.3813477e-002
  7.9345703e-004
 -2.0233154e-002
 -4.2968750e-002
 -3.4545898e-002
 -4.4586182e-002
 -2.5054932e-002
 -2.0568848e-002
 -1.4617920e-002
 -2.4749756e-002
 -1.9165039e-002
  2.0141602e-002
  4.9133301e-003
 -2.2186279e-002
  1.3549805e-002
  1.5747070e-002
  1.6601563e-002
  5.3405762e-003
  7.8735352e-003
  7.9345703e-003
  8.2397461e-004
  3.6956787e-002
  1.4862061e-002
  4.1198730e-003
  2.7374268e-002
  3.8482666e-002
  3.5980225e-002
  1.1169434e-002
  2.3559570e-002
  2.3284912e-002
 -5.7678223e-003
  4.7607422e-003
 -1.4739990e-002
 -2.2796631e-002
 -1.9195557e-002
 -2.5390625e-002
 -3.1250000e-002
 -4.4250488e-002
 -1.9317627e-002
 -1.6174316e-002
 -4.3701172e-002
 -2.8717041e-002
 -1.7517090e-002
 -2.5054932e-002
 -3.4454346e-002
 -4.0802002e-002
 -4.0466309e-002
 -5.1971436e-002
 -5.3863525e-002
 -5.7556152e-002
 -8.0017090e-002
 -6.5093994e-002
 -5.3619385e-002
 -8.1481934e-002
 -6.1889648e-002
 -3.3966064e-002
 -3.7292480e-002
 -4.2419434e-002
 -2.8991699e-002
 -9.4604492e-004
 -6.7138672e-003
  5.2490234e-003
 -6.5307617e-003
 -3.3569336e-004
  5.3405762e-002
  3.9184570e-002
  3.1219482e-002
  4.0405273e-002
  5.8959961e-002
  8.7219238e-002
  7.3455811e-002
  7.5286865e-002
  7.9895020e-002
  7.8369141e-002
  9.5367432e-002
  7.2692871e-002
  5.1971436e-002
  3.9642334e-002
  3.9794922e-002
  3.6895752e-002
 -3.5705566e-003
 -1.1871338e-002
 -8.6059570e-003
 -1.8005371e-002
 -2.3864746e-002
 -2.9388428e-002
 -2.9357910e-002
 -1.9744873e-002
 -1.4404297e-002
 -9.4604492e-004
 -3.8146973e-003
  9.7656250e-004
  2.2979736e-002
  1.3946533e-002
  1.3000488e-002
  7.7514648e-003
  7.7209473e-003
  3.4790039e-003
 -1.0162354e-002
 -1.0070801e-003
 -1.3977051e-002
 -1.5655518e-002
 -6.5612793e-003
 -1.5075684e-002
 -1.2084961e-002
 -1.1383057e-002
 -4.2419434e-003
 -1.2878418e-002
 -1.7120361e-002
  2.2583008e-003
 -8.5449219e-003
 -7.8125000e-003
 -2.4414063e-003
 -6.4392090e-003
 -2.8686523e-003
 -3.6010742e-003
  4.2724609e-003
 -4.8828125e-004
 -3.8757324e-003
  1.1596680e-002
  3.9367676e-003
 -7.9345703e-004
 -3.3569336e-004
  1.9531250e-003
 -5.0659180e-003
 -2.8869629e-002
 -2.2552490e-002
 -2.9724121e-002
 -4.3151855e-002
 -3.7628174e-002
 -4.8706055e-002
 -4.9041748e-002
 -4.8248291e-002
 -3.9428711e-002
 -4.1809082e-002
 -4.5166016e-002
 -3.1707764e-002
 -2.4475098e-002
 -2.4871826e-002
 -2.2277832e-002
 -1.4160156e-002
 -1.0345459e-002
 -1.1962891e-002
 -1.0467529e-002
 -6.1035156e-004
 -1.0375977e-003
  5.7983398e-004
  1.1322021e-002
  6.5307617e-003
  1.7059326e-002
  2.8503418e-002
  3.7445068e-002
  4.6447754e-002
  4.7180176e-002
  6.1950684e-002
  6.4453125e-002
  6.1248779e-002
  6.5460205e-002
  5.6915283e-002
  5.7250977e-002
  5.1422119e-002
  4.3121338e-002
  3.9428711e-002
  2.7374268e-002
  2.4230957e-002
  1.5838623e-002
  7.7209473e-003
  5.3710938e-003
  4.5471191e-003
  6.5612793e-003
  8.8195801e-003
  2.2583008e-003
 -3.7536621e-003
  1.1596680e-003
  5.0964355e-003
 -6.8359375e-003
 -1.8707275e-002
 -1.4984131e-002
 -1.5411377e-002
 -2.0477295e-002
 -2.0294189e-002
 -3.1799316e-002
 -2.6672363e-002
 -2.3498535e-002
 -2.4627686e-002
 -2.4322510e-002
 -2.5238037e-002
 -2.1270752e-002
 -1.3488770e-002
 -8.6364746e-003
 -7.9956055e-003
 -3.6621094e-004
  1.0223389e-002
  1.5075684e-002
  1.8707275e-002
  2.2430420e-002
  2.3590088e-002
  2.4261475e-002
  3.2073975e-002
  1.9531250e-002
  1.6754150e-002
  2.1606445e-002
  9.4604492e-003
  3.5705566e-003
 -4.8217773e-003
 -7.7209473e-003
 -1.7456055e-002
 -2.1087646e-002
 -2.2460938e-002
 -3.3172607e-002
 -3.5827637e-002
 -3.0181885e-002
 -3.1707764e-002
 -3.2012939e-002
 -2.9663086e-002
 -3.0761719e-002
 -2.9876709e-002
 -2.1118164e-002
 -1.1718750e-002
 -2.5695801e-002
 -2.1087646e-002
 -1.5014648e-002
 -1.5625000e-002
 -1.0772705e-002
 -1.7822266e-002
 -2.1026611e-002
 -1.8920898e-002
 -9.2468262e-003
 -8.9111328e-003
 -8.8500977e-003
 -4.3640137e-003
  3.9062500e-003
  1.6357422e-002
  1.8859863e-002
  1.2176514e-002
  2.3406982e-002
  3.4057617e-002
  2.8015137e-002
  3.0944824e-002
  3.0792236e-002
  2.9541016e-002
  3.5247803e-002
  2.4871826e-002
  1.5075684e-002
  1.6906738e-002
  2.3803711e-002
  2.0019531e-002
  5.8288574e-003
  1.4678955e-002
  6.2561035e-003
  3.0517578e-004
  5.0659180e-003
 -5.7373047e-003
 -1.2023926e-002
 -1.7944336e-002
 -1.2725830e-002
 -2.0843506e-002
 -2.4108887e-002
 -2.1881104e-002
 -3.4057617e-002
 -3.2165527e-002
 -3.3538818e-002
 -2.9418945e-002
 -3.1616211e-002
 -3.3660889e-002
 -2.7832031e-002
 -2.1972656e-002
 -1.0620117e-002
 -6.9580078e-003
 -6.6223145e-003
 -3.0517578e-003
  1.8859863e-002
  2.6519775e-002
  2.3712158e-002
  2.8869629e-002
  3.6041260e-002
  4.0710449e-002
  3.4881592e-002
  3.3813477e-002
  2.6306152e-002
  2.6519775e-002
  2.1026611e-002
  1.1444092e-002
  1.8615723e-003
  3.4484863e-003
  9.8266602e-003
 -1.4648438e-002
 -1.4099121e-002
 -1.5472412e-002
 -1.7181396e-002
 -1.4404297e-002
 -1.7517090e-002
 -1.9073486e-002
 -1.9317627e-002
 -2.9296875e-003
 -1.0742188e-002
 -1.2237549e-002
 -4.3945313e-003
 -1.2054443e-002
  5.7983398e-004
 -2.9296875e-003
 -7.2937012e-003
 -2.3193359e-003
 -2.7160645e-003
  1.8920898e-003
 -6.7138672e-003
  2.3498535e-003
 -1.8005371e-003
  6.7749023e-003
  2.0294189e-002
  8.3007813e-003
  2.8137207e-002
  2.5726318e-002
  2.6947021e-002
  2.9998779e-002
  1.9683838e-002
  3.3050537e-002
  3.5217285e-002
  3.4545898e-002
  2.5421143e-002
  2.2277832e-002
  2.9693604e-002
  1.6967773e-002
  1.9989014e-002
  5.4626465e-003
  4.2724609e-003
  1.8951416e-002
  6.3781738e-003
  3.9978027e-003
  3.0517578e-004
 -4.2724609e-004
 -7.9345703e-004
 -8.7890625e-003
 -8.0871582e-003
 -1.5350342e-002
 -8.8195801e-003
 -8.9111328e-003
 -1.9683838e-002
 -2.3376465e-002
 -2.7496338e-002
 -1.6204834e-002
 -2.1331787e-002
 -3.0029297e-002
 -1.5441895e-002
 -1.8554688e-002
 -6.2255859e-003
  8.5449219e-004
 -2.1667480e-003
 -4.3029785e-003
 -2.7465820e-004
  1.8249512e-002
  3.6621094e-003
  1.6815186e-002
  2.4383545e-002
  1.9348145e-002
  2.6306152e-002
  2.6275635e-002
  2.7740479e-002
  1.4709473e-002
  2.1453857e-002
  1.3854980e-002
  6.6223145e-003
  5.7067871e-003
  2.7465820e-003
  6.3171387e-003
 -1.4587402e-002
 -1.4343262e-003
 -1.0986328e-003
 -1.5167236e-002
 -8.4838867e-003
 -1.4953613e-002
 -9.2163086e-003
 -1.0772705e-002
 -2.3498535e-003
 -1.2908936e-002
 -9.1247559e-003
 -6.2561035e-003
 -1.5197754e-002
 -5.0659180e-003
 -1.8890381e-002
 -1.3885498e-002
 -1.1901855e-002
 -1.1016846e-002
 -3.3264160e-003
 -4.7607422e-003
 -4.1503906e-003
 -1.0253906e-002
  5.2185059e-003
 -2.9602051e-003
 -6.7138672e-004
  1.0925293e-002
 -3.8146973e-003
  5.6457520e-003
  7.1105957e-003
  1.0162354e-002
  1.3793945e-002
  8.7585449e-003
  8.1481934e-003
  3.9978027e-003
  1.3519287e-002
  9.8571777e-003
  4.6691895e-003
 -8.2397461e-004
 -8.2702637e-003
 -6.1035156e-005
 -6.6528320e-003
 -1.3580322e-002
 -1.7395020e-002
 -2.1087646e-002
 -1.1962891e-002
 -1.7272949e-002
 -2.6824951e-002
 -2.0019531e-002
 -2.0050049e-002
 -1.1810303e-002
 -1.1840820e-002
 -1.7303467e-002
 -2.0080566e-002
 -1.1322021e-002
 -2.0446777e-003
 -2.5482178e-002
 -1.6967773e-002
 -9.8266602e-003
 -1.1016846e-002
 -1.3885498e-002
 -1.8066406e-002
 -1.4770508e-002
 -9.9792480e-003
  5.9204102e-003
  1.3732910e-003
 -6.6528320e-003
  1.7395020e-003
  9.0332031e-003
  8.4533691e-003
  4.9133301e-003
  5.1269531e-003
 -6.3171387e-003
 -4.4860840e-003
  7.6293945e-003
  0.0000000e+000
 -1.2725830e-002
 -1.2207031e-002
 -1.0162354e-002
 -3.6010742e-003
 -6.8664551e-003
 -8.9721680e-003
 -1.9104004e-002
 -1.1383057e-002
 -1.1871338e-002
 -1.2115479e-002
 -1.6265869e-002
 -2.4475098e-002
 -1.0314941e-002
 -1.7456055e-002
 -9.4604492e-003
 -1.8341064e-002
 -1.7059326e-002
 -1.4221191e-002
 -1.5502930e-002
 -1.3427734e-003
 -2.0477295e-002
 -3.0212402e-003
 -1.4343262e-003
  1.5563965e-003
  1.0986328e-003
 -2.9907227e-003
 -4.2724609e-004
 -5.4931641e-004
  2.4108887e-003
 -5.0048828e-003
 -3.6926270e-003
 -4.9438477e-003
 -5.1879883e-004
 -9.4604492e-004
  5.8898926e-003
  3.0517578e-003
  3.3569336e-003
  6.7443848e-003
  2.4414063e-003
  2.0172119e-002
  2.0446777e-003
  3.8146973e-003
 -1.7395020e-003
  6.1035156e-004
  8.5754395e-003
 -4.0588379e-003
  4.5776367e-004
 -1.8463135e-002
 -5.7983398e-003
 -2.5329590e-003
 -7.8735352e-003
 -5.0354004e-003
 -9.6740723e-003
  6.2866211e-003
  7.9345703e-004
  3.4179688e-003
 -5.5847168e-003
 -4.1809082e-003
  8.4838867e-003
  2.1057129e-003
  2.5024414e-003
 -4.2724609e-004
  6.3781738e-003
  1.9226074e-003
  4.2114258e-003
  3.5705566e-003
  3.3569336e-003
  6.5917969e-003
  5.9814453e-003
  8.2092285e-003
  9.8571777e-003
  8.4228516e-003
  2.8686523e-003
  1.5533447e-002
  5.6457520e-003
 -1.4953613e-003
  9.1552734e-005
  2.3193359e-003
 -8.2397461e-004
 -1.2207031e-004
 -2.7465820e-003
 -1.4343262e-002
 -4.4250488e-003
 -4.8522949e-003
 -5.7067871e-003
  2.8686523e-003
 -1.6784668e-003
 -1.0986328e-003
 -1.2207031e-003
 -6.7138672e-003
 -7.7514648e-003
 -5.3100586e-003
 -3.0822754e-003
 -1.0467529e-002
 -7.3242188e-003
 -6.4392090e-003
 -6.9580078e-003
  3.6010742e-003
 -2.5939941e-003
  2.1972656e-003
  8.7890625e-003
  4.8828125e-003
  1.0742188e-002
  1.5563965e-003
  6.6833496e-003
  1.5258789e-003
  8.8500977e-004
  2.7770996e-003
 -6.5002441e-003
 -1.1901855e-002
 -1.2084961e-002
  1.4648438e-003
 -8.4533691e-003
 -1.6906738e-002
 -6.5307617e-003
 -2.8991699e-003
 -6.9274902e-003
  3.7536621e-003
 -1.1016846e-002
 -1.1108398e-002
  1.5258789e-003
 -1.4343262e-003
 -4.4250488e-003
 -1.5075684e-002
 -5.0964355e-003
 -1.5563965e-002
 -1.5869141e-003
  4.2724609e-004
 -1.3885498e-002
 -3.8757324e-003
 -7.3242188e-003
  6.5307617e-003
 -2.8991699e-003
 -5.7983398e-003
 -6.7138672e-003
 -1.0681152e-002
 -4.2419434e-003
 -6.8969727e-003
 -4.6691895e-003
 -8.4533691e-003
 -7.6293945e-003
 -1.4648438e-003
 -5.2490234e-003
 -1.0345459e-002
 -5.4626465e-003
 -8.1481934e-003
 -3.7536621e-003
 -3.3264160e-003
  1.6479492e-003
 -5.5236816e-003
 -1.8310547e-003
 -3.2043457e-003
 -1.9042969e-002
 -4.5776367e-003
 -1.1047363e-002
 -1.7486572e-002
 -1.1779785e-002
 -1.1962891e-002
 -8.0566406e-003
 -5.9204102e-003
 -4.3334961e-003
 -1.7425537e-002
 -8.3007813e-003
 -3.8452148e-003
 -1.7578125e-002
 -5.1879883e-003
 -6.4392090e-003
 -1.0528564e-002
 -1.0131836e-002
 -9.3078613e-003
 -1.4953613e-003
 -3.7841797e-003
 -2.3498535e-003
 -1.4282227e-002
 -4.3945313e-003
  7.0495605e-003
 -7.3242188e-004
  5.3710938e-003
 -4.8522949e-003
  3.2043457e-003
  1.0772705e-002
  1.0345459e-002
  9.7351074e-003
  2.1362305e-003
  1.9500732e-002
  1.1962891e-002
  1.1779785e-002
  4.3640137e-003
 -6.8359375e-003
  9.7656250e-004
 -3.9672852e-003
  3.9672852e-004
 -1.0650635e-002
 -7.3242188e-004
  6.2561035e-003
 -1.0070801e-003
  6.9274902e-003
  1.1291504e-003
 -7.3547363e-003
 -8.6364746e-003
  5.0659180e-003
  2.6550293e-003
  3.2958984e-003
  1.2237549e-002
 -1.2207031e-003
  3.0822754e-003
  1.1688232e-002
  8.0566406e-003
 -4.2724609e-003
 -2.3803711e-003
  6.1950684e-003
  9.9792480e-003
  1.2603760e-002
  3.9978027e-003
  4.3334961e-003
  3.2348633e-003
  9.5825195e-003
  9.7351074e-003
 -2.1362305e-004
  4.4860840e-003
  2.7465820e-003
  9.0942383e-003
  7.4768066e-003
  8.3923340e-003
  6.1035156e-003
  7.1411133e-003
  2.0385742e-002
  4.4250488e-003
  1.1383057e-002
  5.5541992e-003
  6.1035156e-003
  2.0385742e-002
  1.0101318e-002
  8.7585449e-003
  4.4250488e-003
  8.7585449e-003
  6.0424805e-003
  9.3994141e-003
  3.6926270e-003
 -2.7770996e-003
  1.5747070e-002
  1.6479492e-002
  6.3476563e-003
  3.4790039e-003
  8.8500977e-004
  5.6762695e-003
  1.0467529e-002
  8.0566406e-003
  1.2817383e-003
 -4.1503906e-003
  4.8217773e-003
  6.0119629e-003
  2.3193359e-003
 -1.3427734e-003
 -5.5847168e-003
  2.0751953e-003
  2.1972656e-003
  1.4617920e-002
  7.9956055e-003
 -2.8686523e-003
  6.9885254e-003
  6.9885254e-003
  1.1291504e-002
  7.8125000e-003
  2.2277832e-003
 -3.3264160e-003
 -1.0070801e-003
  4.5776367e-004
 -1.8615723e-003
 -2.1057129e-003
 -4.0588379e-003
 -9.8266602e-003
 -1.1047363e-002
 -7.5683594e-003
 -1.0650635e-002
 -8.3923340e-003
 -9.8876953e-003
 -4.8522949e-003
 -1.6784668e-003
 -1.6174316e-003
  4.0893555e-003
 -1.5869141e-003
 -7.9345703e-004
  4.5776367e-003
 -3.9672852e-004
  4.4555664e-003
  3.2348633e-003
 -6.1035156e-005
  6.2561035e-003
  6.1645508e-003
  5.6762695e-003
  4.8828125e-004
 -9.1552734e-005
 -2.7465820e-003
  3.8757324e-003
  7.0495605e-003
 -2.1057129e-003
  2.4719238e-003
  3.3264160e-003
 -3.6010742e-003
  5.8898926e-003
 -2.3803711e-003
 -4.5776367e-003
 -1.5258789e-004
 -1.5258789e-003
 -7.0800781e-003
 -1.0711670e-002
  3.6010742e-003
 -7.8735352e-003
  6.7138672e-004
 -1.4038086e-003
 -1.5350342e-002
 -9.5825195e-003
 -1.4343262e-003
 -3.2348633e-003
 -1.4923096e-002
 -6.4697266e-003
 -4.0283203e-003
 -1.1383057e-002
 -4.2419434e-003
 -3.2043457e-003
 -2.0935059e-002
 -9.8571777e-003
  3.3874512e-003
 -6.3476563e-003
 -1.6937256e-002
 -4.6081543e-003
 -1.0498047e-002
 -1.3214111e-002
  1.1749268e-002
 -7.3852539e-003
 -1.6021729e-002
 -8.6059570e-003
  1.6174316e-003
 -1.8310547e-003
 -4.7912598e-003
  1.4648438e-003
 -1.0101318e-002
  1.0681152e-002
  1.3061523e-002
  4.3334961e-003
 -3.2958984e-003
 -4.4860840e-003
  5.4931641e-003
 -2.7160645e-003
  2.4108887e-003
 -7.2326660e-003
 -5.9204102e-003
 -1.0284424e-002
 -1.3793945e-002
 -5.0354004e-003
 -1.9256592e-002
 -5.9509277e-003
 -6.1340332e-003
 -7.5683594e-003
 -6.0424805e-003
 -7.0800781e-003
  6.7138672e-004
 -1.0223389e-002
 -5.5847168e-003
 -5.5236816e-003
  7.0190430e-004
  7.4462891e-003
 -7.8430176e-003
  2.5939941e-003
 -7.9040527e-003
  7.9345703e-003
  9.3383789e-003
  3.2043457e-003
  3.0822754e-003
  5.2185059e-003
  2.1057129e-002
  5.3405762e-003
  1.0559082e-002
  2.8991699e-003
 -5.0659180e-003
  4.3029785e-003
  2.9296875e-003
  3.0822754e-003
  1.2817383e-003
  1.0955811e-002
  1.2207031e-003
  9.2163086e-003
  1.0833740e-002
  3.7841797e-003
  5.6457520e-003
  3.7536621e-003
  1.0375977e-003
  1.1901855e-003
  1.5563965e-002
  9.3383789e-003
  8.8500977e-003
  1.3732910e-003
  1.0986328e-003
  3.9978027e-003
 -1.4953613e-003
  7.1105957e-003
 -4.2724609e-004
  8.2092285e-003
  1.1962891e-002
  8.4838867e-003
  1.0437012e-002
  1.1169434e-002
  1.1535645e-002
  4.6997070e-003
  8.2092285e-003
  5.7678223e-003
  8.2092285e-003
  1.1047363e-002
  4.4555664e-003
  1.2939453e-002
  1.5563965e-003
  1.1291504e-003
  6.1950684e-003
  1.0009766e-002
  1.1657715e-002
  1.4068604e-002
  6.4086914e-003
  2.4414063e-003
  1.9989014e-002
  1.1413574e-002
  9.2163086e-003
  8.1176758e-003
  1.8218994e-002
  8.0871582e-003
  1.2145996e-002
  7.9650879e-003
 -1.3122559e-003
  1.1657715e-002
  1.4953613e-003
  7.1105957e-003
  1.7395020e-003
  6.1035156e-003
  1.7700195e-003
 -1.0986328e-003
  4.3640137e-003
 -7.3852539e-003
 -1.0620117e-002
 -1.0009766e-002
 -5.8898926e-003
  3.6010742e-003
  9.6740723e-003
 -7.9345703e-004
 -3.0517578e-003
 -7.6293945e-004
  6.7443848e-003
  9.1552734e-004
  1.2207031e-004
 -1.0467529e-002
 -7.7819824e-003
  8.3618164e-003
  9.1552734e-004
  5.0659180e-003
 -4.0893555e-003
 -7.1105957e-003
  3.9062500e-003
 -1.4343262e-003
 -4.2724609e-003
 -5.3405762e-003
 -1.8310547e-004
 -9.1857910e-003
 -4.2114258e-003
  2.4108887e-003
 -6.2255859e-003
  3.0212402e-003
  3.7536621e-003
 -4.2724609e-003
 -8.9721680e-003
 -6.3171387e-003
 -2.8381348e-003
 -9.3383789e-003
 -2.0446777e-003
 -7.9650879e-003
 -9.8571777e-003
 -1.6784668e-003
 -2.2888184e-003
 -4.4555664e-003
 -5.4321289e-003
  5.7373047e-003
 -2.3193359e-003
 -1.6906738e-002
 -1.2145996e-002
 -3.8452148e-003
 -7.1411133e-003
 -2.0935059e-002
 -1.6479492e-002
 -1.0528564e-002
 -5.1574707e-003
  4.0588379e-003
 -3.6926270e-003
 -2.2918701e-002
 -1.1901855e-002
  6.7443848e-003
 -7.3852539e-003
 -1.9744873e-002
 -1.5777588e-002
 -4.1503906e-003
 -1.1505127e-002
 -7.0190430e-004
  7.5378418e-003
 -1.8005371e-002
 -1.2481689e-002
 -4.6691895e-003
 -6.5307617e-003
 -7.7514648e-003
  4.8828125e-004
 -1.1779785e-002
 -1.5197754e-002
  2.8686523e-003
 -2.6855469e-003
 -1.6571045e-002
 -2.6641846e-002
 -1.5167236e-002
 -9.3994141e-003
 -1.8981934e-002
 -1.0223389e-002
 -7.7514648e-003
 -9.2468262e-003
 -9.8876953e-003
 -1.0620117e-002
 -9.5214844e-003
 -1.2207031e-002
  2.7770996e-003
 -1.0131836e-002
 -9.7045898e-003
 -4.3640137e-003
 -1.1718750e-002
 -5.2490234e-003
 -9.5214844e-003
  6.0424805e-003
 -1.5869141e-003
 -2.6245117e-003
 -3.0517578e-004
 -1.2512207e-003
  6.2866211e-003
  6.8054199e-003
  1.6174316e-003
 -2.0446777e-003
  1.4038086e-003
  4.6081543e-003
  1.4526367e-002
  1.2207031e-002
 -2.4414063e-003
 -2.7465820e-003
  1.5197754e-002
  6.1035156e-004
  7.2021484e-003
  1.7395020e-002
  3.5400391e-003
  3.1433105e-003
  1.2420654e-002
  6.7138672e-003
  1.4953613e-003
  8.7585449e-003
 -5.2185059e-003
 -9.4604492e-004
 -4.8828125e-004
  6.6223145e-003
 -5.7373047e-003
 -4.6691895e-003
  3.6621094e-004
 -8.0566406e-003
  2.8076172e-003
 -5.3405762e-003
  1.6784668e-002
 -5.9814453e-003
  8.0566406e-003
  7.8125000e-003
 -1.3000488e-002
  1.1779785e-002
  5.1879883e-004
  6.5917969e-003
 -4.7912598e-003
  1.5502930e-002
  1.4678955e-002
  1.8005371e-003
  7.5378418e-003
 -3.2043457e-003
  1.2329102e-002
  8.3618164e-003
  1.6601563e-002
  1.1535645e-002
 -5.3405762e-003
  8.4228516e-003
 -6.1035156e-004
 -4.6386719e-003
  7.5988770e-003
  9.2163086e-003
  3.0822754e-003
  3.7231445e-003
  7.6599121e-003
  5.3405762e-003
  2.0446777e-003
  8.3007813e-003
 -3.6926270e-003
 -2.9602051e-003
 -1.7089844e-003
  1.0986328e-003
  1.3153076e-002
 -8.6059570e-003
 -7.9345703e-004
 -8.0566406e-003
 -1.0070801e-002
  4.6386719e-003
 -4.9133301e-003
 -1.6784668e-003
 -8.5754395e-003
  1.8432617e-002
 -1.7700195e-003
 -2.1362305e-004
  1.4862061e-002
 -1.6784668e-003
  1.6662598e-002
 -2.2277832e-003
  7.6293945e-004
 -1.2817383e-002
  5.2490234e-003
  2.2430420e-002
 -3.0822754e-003
  2.6550293e-003
 -6.4086914e-003
  7.6293945e-003
  1.2359619e-002
  7.6599121e-003
 -7.4157715e-003
 -1.0192871e-002
  6.1035156e-003
 -8.0871582e-003
  6.1950684e-003
 -5.4931641e-003
 -1.3732910e-002
  3.7231445e-003
 -4.7912598e-003
 -7.5073242e-003
 -1.0345459e-002
 -6.8054199e-003
 -1.9836426e-002
 -2.3193359e-003
  6.1035156e-004
 -1.7272949e-002
 -7.9345703e-003
  4.9438477e-003
 -4.0283203e-003
 -1.3427734e-002
  2.0751953e-003
 -1.2573242e-002
 -1.2664795e-002
  3.7841797e-003
 -1.6784668e-003
 -1.2145996e-002
  6.1035156e-004
  7.7209473e-003
 -9.2773438e-003
 -1.0314941e-002
 -6.2561035e-003
 -1.1901855e-003
  7.1105957e-003
  3.9672852e-004
 -3.1433105e-003
 -1.0803223e-002
  5.3405762e-003
  1.7120361e-002
 -1.8005371e-003
 -1.3793945e-002
 -1.8890381e-002
 -5.7067871e-003
 -1.0070801e-002
 -1.6174316e-003
 -2.4719238e-003
 -2.5207520e-002
 -8.7585449e-003
 -1.3214111e-002
 -1.2268066e-002
 -1.7425537e-002
 -1.2207031e-002
 -3.2043457e-003
 -1.9775391e-002
  3.3569336e-004
 -7.8430176e-003
 -1.2695313e-002
 -6.6223145e-003
 -8.2092285e-003
 -3.0517578e-004
 -7.7209473e-003
  2.9907227e-003
 -1.2115479e-002
 -1.8249512e-002
  7.3547363e-003
 -5.5847168e-003
 -5.2185059e-003
 -3.0517578e-005
 -3.2653809e-003
  8.3618164e-003
 -1.8920898e-003
  1.1383057e-002
 -3.9062500e-003
 -2.1362305e-004
  9.0332031e-003
 -3.3264160e-003
  8.2397461e-003
 -5.6457520e-003
  7.3547363e-003
 -3.1738281e-003
  2.0751953e-003
  8.5449219e-003
 -7.3852539e-003
  3.3264160e-003
 -7.0495605e-003
 -4.8828125e-004
  3.0517578e-003
  1.6296387e-002
  2.8381348e-003
 -1.0620117e-002
  1.0589600e-002
  5.4931641e-003
  6.7749023e-003
  1.6357422e-002
 -8.0566406e-003
 -3.7536621e-003
  8.3007813e-003
  6.5612793e-003
 -2.1667480e-003
 -2.7465820e-004
  8.5449219e-004
 -5.7983398e-003
  1.5380859e-002
  1.2512207e-002
  1.6082764e-002
  1.0009766e-002
  4.6386719e-003
  1.5136719e-002
  1.0711670e-002
  9.6740723e-003
  6.4392090e-003
  2.7465820e-004
  3.2348633e-003
  2.8228760e-002
  2.0996094e-002
  1.2207031e-003
  1.6174316e-003
  1.0620117e-002
  1.4129639e-002
  1.8096924e-002
  1.1901855e-002
 -2.9296875e-003
  2.9907227e-003
  1.0894775e-002
  1.0406494e-002
 -6.0119629e-003
 -1.0681152e-003
  4.5166016e-003
 -4.5776367e-004
 -6.1035156e-005
 -1.2359619e-002
 -5.7983398e-004
 -1.4831543e-002
  5.2490234e-003
  9.8266602e-003
 -1.0620117e-002
 -6.4086914e-003
 -8.6364746e-003
  1.6479492e-003
  5.5236816e-003
  8.2397461e-003
  1.2207031e-003
  6.1035156e-003
  5.7373047e-003
  1.1962891e-002
  6.3171387e-003
  7.3242188e-004
  1.3397217e-002
  9.1552734e-004
  3.8146973e-003
  1.9439697e-002
  1.5747070e-002
  2.7770996e-003
  8.7890625e-003
  1.0894775e-002
  8.5144043e-003
  1.9927979e-002
  1.4678955e-002
  5.1574707e-003
  1.0009766e-002
  6.1035156e-003
 -4.3640137e-003
 -7.8125000e-003
 -1.1047363e-002
 -3.3264160e-003
 -3.1738281e-003
  1.7700195e-003
 -5.3405762e-003
 -6.8054199e-003
  2.9907227e-003
 -4.5776367e-003
 -1.0162354e-002
 -1.3702393e-002
 -9.1552734e-004
 -9.0942383e-003
 -2.2583008e-003
  8.0871582e-003
 -5.7067871e-003
 -3.3264160e-003
 -3.8757324e-003
 -9.3383789e-003
 -1.1566162e-002
  2.0751953e-003
 -5.9204102e-003
 -1.4068604e-002
  6.1035156e-003
 -1.9226074e-003
 -1.2664795e-002
  3.9978027e-003
 -1.2207031e-004
 -1.3031006e-002
  1.3732910e-003
  4.1809082e-003
 -1.3885498e-002
 -1.0131836e-002
 -5.1574707e-003
 -1.9744873e-002
 -3.3264160e-003
  1.1962891e-002
 -2.3345947e-002
 -1.8280029e-002
  1.8005371e-003
 -8.7280273e-003
 -1.4251709e-002
 -6.9580078e-003
 -1.9134521e-002
 -2.6428223e-002
  1.2207031e-003
 -9.6130371e-003
 -1.5960693e-002
 -2.7160645e-003
 -1.5686035e-002
 -1.6479492e-002
 -5.7678223e-003
 -1.8310547e-003
 -1.2207031e-002
 -9.1857910e-003
 -8.6364746e-003
 -1.4923096e-002
 -6.1645508e-003
 -1.9226074e-003
 -5.0964355e-003
 -9.7961426e-003
 -5.2490234e-003
 -4.5776367e-004
 -3.5400391e-003
  3.9672852e-004
  4.2724609e-004
 -7.5073242e-003
  1.7089844e-003
  4.7912598e-003
  2.1362305e-004
 -2.1057129e-003
  1.9836426e-003
  5.8288574e-003
  1.2817383e-003
  4.6691895e-003
  3.1127930e-003
  4.8522949e-003
  4.8522949e-003
  4.2114258e-003
  5.9204102e-003
 -1.6174316e-003
  3.0212402e-003
 -1.1199951e-002
 -1.1169434e-002
 -7.5073242e-003
 -4.8217773e-003
 -4.9743652e-003
 -1.6601563e-002
 -7.3547363e-003
 -1.0406494e-002
  3.0517578e-005
 -4.1503906e-003
 -1.1444092e-002
 -5.4016113e-003
 -1.8005371e-003
  7.1716309e-003
 -4.2724609e-003
  4.1503906e-003
  5.3100586e-003
 -1.0986328e-003
  9.6130371e-003
  8.2092285e-003
  4.9743652e-003
  3.7536621e-003
  8.3618164e-003
  3.9672852e-003
  2.8076172e-003
  1.4923096e-002
  6.7138672e-004
  3.0822754e-003
  1.1718750e-002
  2.5024414e-003
  3.0517578e-003
  7.4462891e-003
 -1.7089844e-003
 -9.6435547e-003
  5.8288574e-003
  3.3264160e-003
 -6.8664551e-003
 -9.1552734e-004
 -6.8054199e-003
 -5.8288574e-003
  2.2583008e-003
 -5.2185059e-003
 -7.4157715e-003
 -5.4626465e-003
 -4.9133301e-003
 -4.1503906e-003
 -8.8500977e-004
  3.3569336e-004
 -3.1433105e-003
  1.8005371e-003
 -1.5563965e-003
 -2.1362305e-004
  6.2866211e-003
  1.9531250e-003
  2.2888184e-003
  2.8381348e-003
  4.5776367e-004
  3.1127930e-003
  1.0070801e-003
  6.1035156e-004
 -2.5939941e-003
  1.9226074e-003
  1.8615723e-003
  4.8828125e-004
  6.1950684e-003
  5.7983398e-004
  3.6926270e-003
 -4.4860840e-003
 -2.7160645e-003
 -1.2207031e-004
 -1.7395020e-003
 -1.4953613e-003
 -7.9650879e-003
 -2.5634766e-003
  3.0517578e-005
  2.8076172e-003
 -1.3122559e-003
 -9.3688965e-003
 -1.4343262e-003
  4.0893555e-003
  5.7983398e-004
 -4.0283203e-003
 -4.1198730e-003
  2.2583008e-003
  3.0517578e-003
  6.0729980e-003
  1.3122559e-003
 -2.2277832e-003
  4.5471191e-003
  4.9133301e-003
  6.4086914e-004
 -5.8288574e-003
 -4.9133301e-003
 -4.3334961e-003
 -4.1503906e-003
 -4.3029785e-003
 -5.1879883e-003
 -4.8828125e-003
 -5.5847168e-003
 -2.4719238e-003
  3.0517578e-005
 -4.3945313e-003
 -6.3476563e-003
 -5.4626465e-003
 -3.4179688e-003
  0.0000000e+000
 -8.5449219e-004
 -6.5307617e-003
 -7.6904297e-003
 -6.7138672e-004
 -3.6926270e-003
 -6.9274902e-003
 -3.2958984e-003
 -4.6997070e-003
 -2.9907227e-003
  2.2583008e-003
  3.8146973e-003
  3.3569336e-004
  1.5563965e-003
  7.0190430e-004
  8.5449219e-004
  5.6762695e-003
 -6.1035156e-004
 -5.7067871e-003
 -4.9133301e-003
 -4.8522949e-003
 -4.1503906e-003
 -8.4533691e-003
 -1.0681152e-002
 -1.0009766e-002
 -8.1481934e-003
 -7.8430176e-003
 -8.8500977e-003
 -7.1411133e-003
 -8.4838867e-003
 -6.7138672e-003
 -6.2866211e-003
 -6.0729980e-003
 -4.8522949e-003
 -3.0517578e-003
 -4.4250488e-003
 -5.7678223e-003
 -5.2795410e-003
 -6.8969727e-003
 -4.3029785e-003
 -5.1879883e-003
 -6.6833496e-003
 -2.5329590e-003
 -2.7160645e-003
 -3.6010742e-003
 -8.1787109e-003
 -1.0528564e-002
 -4.2724609e-003
  3.9672852e-004
 -4.3945313e-003
 -1.1657715e-002
 -1.5625000e-002
 -1.0894775e-002
 -6.2561035e-003
 -8.5754395e-003
 -6.0424805e-003
 -6.6223145e-003
 -1.6784668e-003
 -1.0711670e-002
 -1.1505127e-002
 -3.3264160e-003
 -7.1105957e-003
 -1.9531250e-003
 -2.5939941e-003
 -1.2207031e-003
 -5.4626465e-003
 -1.0101318e-002
 -1.1535645e-002
 -9.0026855e-003
 -3.9672852e-004
 -6.1035156e-004
 -2.6245117e-003
 -2.5329590e-003
 -2.5024414e-003
 -2.1057129e-003
 -1.7700195e-003
 -1.5563965e-003
  2.2277832e-003
  5.0964355e-003
  2.1362305e-003
 -1.1291504e-003
  1.1901855e-003
  1.5258789e-003
  3.7231445e-003
  6.1950684e-003
  1.0131836e-002
  6.6528320e-003
  1.4038086e-003
  5.2795410e-003
  5.5236816e-003
  6.0119629e-003
  7.7209473e-003
  5.5847168e-003
  3.6926270e-003
  1.7700195e-003
  1.2207031e-004
  3.0517578e-005
  9.4604492e-004
  2.9907227e-003
  1.4343262e-003
  5.9509277e-003
  6.8969727e-003
  5.4931641e-003
  3.3874512e-003
 -7.6293945e-004
  7.0190430e-004
  3.6621094e-004
  1.4343262e-003
